0.9751271
0.9761245
0.9755426
0.9735855
0.9704698
0.966427
0.9617068
0.9565818
0.9513514
0.9463453
0.9419254
0.938483
0.9364304
0.9361834
0.9381353
0.9426241
0.9498938
0.9600572
0.97306
0.9886519
1.006368
1.025534
1.045302
1.064739
1.082938
1.099135
1.112801
1.123673
1.131737
1.137180
1.140324
1.141573
1.141361
1.140119
1.138255
1.136138
1.134090
1.132381
1.131227
1.130785
1.131158
1.132385
1.134451
1.137285
1.140760
1.144701
1.148887
1.153052
1.156884
1.160026
1.162064
1.162538
1.160947
1.156793
1.149643
1.139211
1.125437
1.108521
1.088893
1.067141
1.043914
1.019844
0.995494
0.9713331
0.947735
0.9249806
0.9032687
0.8827243
0.8634081
0.8453244
0.8284284
0.8126341
0.7978234
0.7838544
0.7705722
0.7578188
0.7454434
0.7333119
0.721315
0.7093745
0.6974477
0.6855297
0.673655
0.6618984
0.6503768
0.6392523
0.6287373
0.619101
0.6106761
0.6038618
0.5991208
0.5969629
0.5979128
0.6024579
0.6109817
0.6236907
0.640557
0.6612942
0.6853802
0.7121225
0.7407463
0.770482
0.8006318
0.830609
0.8599503
0.8883104
0.9154454
0.9411922
0.9654481
0.9881538
1.009279
1.028811
1.046750
1.063104
1.077886
1.091114
1.102818
1.113034
1.121811
1.129215
1.135331
1.140267
1.144159
1.147174
1.149515
1.151424
1.153182
1.155103
1.157523
1.160778
1.165177
1.170966
1.178282
1.187117
1.197274
1.208347
1.219714
1.230572
1.240011
1.247120
1.251108
1.251405
1.247714
1.240014
1.228511
1.213578
1.195688
1.175352
1.153081
1.129359
1.104624
1.079265
1.053618
1.027970
1.002562
0.9775883
0.9532066
0.929534
0.90665
0.8845962
0.8633743
0.8429454
0.8232295
0.8041082
0.7854313
0.7670288
0.7487286
0.7303778
0.711865
0.6931386
0.6742178
0.6551932
0.6362176
0.6174906
0.5992422
0.5817197
0.5651805
0.5498918
0.5361338
0.5242068
0.5144376
0.5071828
0.5028264
0.501768
0.5043985
0.5110611
0.5220024
0.5373181
0.5569092
0.5804598
0.6074504
0.6372023
0.6689462
0.7018955
0.7353091
0.7685347
0.8010284
0.8323574
0.862188
0.8902687
0.9164118
0.9404772
0.9623613
0.9819904
0.9993198
1.014335
1.027054
1.037529
1.045846
1.052126
1.056518
1.059199
1.060371
1.060258
1.059109
1.057196
1.054815
1.052287
1.049957
1.048187
1.047351
1.047816
1.049926
1.053973
1.060174
1.068635
1.079323
1.092035
1.106372
1.121728
1.137303
1.152161
1.165323
1.175893
1.183179
1.186766
1.186546
1.182677
1.175523
1.165575
1.153380
1.139497
1.124454
1.108732
1.092755
1.076887
1.061431
1.046634
1.032684
1.019709
1.007781
0.9969091
0.9870399
0.9780526
0.9697606
0.9619138
0.9542046
0.9462808
0.9377642
0.9282764
0.917473
0.9050828
0.8909463
0.8750461
0.8575175
0.8386355
0.8187808
0.798395
0.7779378
0.7578564
0.7385678
0.7204535
0.7038598
0.6891006
0.6764588
0.666184
0.6584861
0.6535251
0.6514001
0.6521383
0.6556887
0.6619212
0.6706339
0.6815676
0.6944255
0.7088952
0.724671
0.7414738
0.7590661
0.7772643
0.7959444
0.8150436
0.834555
0.8545156
0.8749849
0.8960146
0.9176117
0.939702
0.9621056
0.9845351
1.006622
1.027964
1.048182
1.066962
1.084086
1.099441
1.113011
1.124868
1.135152
1.144055
1.151810
1.158672
1.164906
1.170781
1.176548
1.182437
1.188643
1.195318
1.202563
1.210423
1.218883
1.227868
1.237243
1.246818
1.256344
1.265523
1.274004
1.281389
1.287234
1.291053
1.292341
1.29061
1.285445
1.276570
1.263909
1.247605
1.228001
1.205585
1.180914
1.154556
1.127036
1.098818
1.070286
1.041748
1.013441
0.9855344
0.9581413
0.9313263
0.9051129
0.8794927
0.8544334
0.8298878
0.8058022
0.782124
0.7588093
0.7358272
0.7131641
0.6908252
0.6688337
0.6472304
0.6260709
0.605424
0.5853706
0.5660039
0.5474304
0.5297742
0.5131807
0.4978234
0.4839103
0.4716915
0.4614662
0.4535869
0.4484606
0.446539
0.4482974
0.4541944
0.4646142
0.4797959
0.4997645
0.5242833
0.5528456
0.5847132
0.6189917
0.6547232
0.6909736
0.7268977
0.7617773
0.7950352
0.8262325
0.855055
0.881296
0.9048377
0.9256347
0.943699
0.9590876
0.971892
0.9822306
0.9902418
0.9960804
0.9999138
1.001921
1.002294
1.001234
0.9989598
0.9957067
0.9917315
0.9873162
0.9827712
0.9784375
0.9746854
0.9719079
0.9705085
0.9708818
0.9733874
0.9783198
0.9858773
0.9961301
1.008990
1.024182
1.041225
1.059426
1.077919
1.095743
1.111959
1.125781
1.136669
1.144377
1.148929
1.150566
1.149672
1.146710
1.142169
1.136524
1.130222
1.123662
1.117194
1.111113
1.105659
1.101014
1.097301
1.094582
1.092857
1.092060
1.092063
1.092676
1.093647
1.094669
1.095381
1.095374
1.094199
1.091382
1.086454
1.079000
1.06872
1.055496
1.039429
1.020842
1.000234
0.9781966
0.9553466
0.932261
0.9094467
0.8873269
0.8662417
0.8464542
0.8281567
0.8114768
0.7964819
0.7831824
0.7715355
0.7614497
0.7527906
0.7453891
0.7390513
0.7335698
0.7287363
0.7243546
0.7202524
0.7162933
0.7123858
0.7084922
0.704634
0.7008978
0.6974395
0.6944885
0.692351
0.6914101
0.692119
0.6949805
0.700507
0.7091584
0.7212624
0.7369359
0.756032
0.7781377
0.8026261
0.82875
0.8557447
0.8829153
0.9096888
0.9356356
0.9604646
0.9840036
1.006175
1.026968
1.046420
1.064595
1.081569
1.097422
1.112230
1.126061
1.138972
1.151013
1.162224
1.172639
1.182293
1.191222
1.199467
1.207086
1.214151
1.220760
1.227035
1.233130
1.239221
1.245497
1.252137
1.259273
1.266939
1.275022
1.283212
1.290985
1.297627
1.302318
1.304256
1.302780
1.297472
1.288190
1.275043
1.258332
1.238475
1.215946
1.191226
1.164769
1.136993
1.108266
1.078909
1.049197
1.019365
0.989609
0.9600945
0.9309578
0.9023094
0.874237
0.8468075
0.8200678
0.794046
0.768752
0.7441784
0.720302
0.6970865
0.6744881
0.6524621
0.6309729
0.6100034
0.5895638
0.5696969
0.5504784
0.5320144
0.5144368
0.4979001
0.482581
0.4686812
0.4564342
0.4461137
0.4380419
0.4325968
0.4302123
0.431368
0.4365609
0.4462554
0.4608095
0.4803862
0.5048706
0.5338213
0.5664823
0.6018579
0.6388325
0.6762996
0.7132658
0.7489127
0.7826181
0.8139463
0.842621
0.8684926
0.891506
0.9116744
0.9290578
0.9437484
0.9558607
0.965526
0.972889
0.9781064
0.9813462
0.9827874
0.9826199
0.981045
0.9782778
0.974548
0.9701043
0.9652177
0.9601862
0.9553376
0.951032
0.9476588
0.9456282
0.9453548
0.9472316
0.9515974
0.958699
0.9686535
0.9814125
0.9967325
1.014156
1.033012
1.052457
1.071551
1.089375
1.105152
1.118333
1.128641
1.136052
1.140750
1.143060
1.143391
1.142188
1.139893
1.136925
1.133667
1.130451
1.127561
1.125225
1.123613
1.122840
1.122958
1.123963
1.125791
1.128322
1.131381
1.134743
1.138135
1.141234
1.143667
1.145011
1.144796
1.142525
1.13771
1.129941
1.118964
1.104748
1.087516
1.067711
1.045919
1.022785
0.99893
0.9749067
0.9511784
0.9281144
0.9059957
0.885023
0.865326
0.84697
0.8299641
0.8142664
0.7997918
0.7864194
0.7740012
0.7623721
0.7513604
0.7407983
0.7305326
0.7204341
0.7104053
0.7003862
0.690359
0.6803502
0.6704332
0.6607307
0.6514179
0.6427281
0.6349585
0.6284748
0.6237121
0.621165
0.6213631
0.6248271
0.6320043
0.6431936
0.6584753
0.6776687
0.7003355
0.7258324
0.7533976
0.7822459
0.8116484
0.8409837
0.8697595
0.8976114
0.9242873
0.9496266
0.9735372
0.9959756
1.016930
1.036410
1.054431
1.071018
1.086194
1.099984
1.112413
1.123512
1.133315
1.141869
1.149234
1.155491
1.160742
1.165119
1.168789
1.171955
1.174861
1.177783
1.181029
1.184913
1.189728
1.195713
1.203001
1.21158
1.221245
1.231574
1.241929
1.251500
1.259382
1.264700
1.266722
1.264952
1.259171
1.249418
1.235946
1.219149
1.199501
1.177503
1.153648
1.128395
1.102162
1.075314
1.048170
1.021001
0.994032
0.9674515
0.9414091
0.91602
0.891366
0.8674962
0.8444259
0.8221368
0.8005764
0.7796604
0.7592777
0.7392998
0.7195954
0.7000477
0.6805729
0.6611362
0.6417604
0.6225267
0.6035677
0.585055
0.5671875
0.5501818
0.5342685
0.5196935
0.5067238
0.4956545
0.4868165
0.4805805
0.4773543
0.47757
0.4816554
0.4899894
0.5028417
0.5203075
0.5422525
0.5682878
0.5977874
0.6299476
0.6638737
0.6986703
0.7335151
0.767706
0.8006788
0.8320051
0.8613748
0.8885744
0.9134645
0.9359608
0.9560206
0.9736337
0.9888185
1.001620
1.012111
1.020390
1.026582
1.030834
1.033316
1.034221
1.033757
1.032157
1.029672
1.026576
1.023172
1.019785
1.016770
1.014503
1.013370
1.013755
1.016017
1.020455
1.027284
1.036599
1.048337
1.062252
1.077890
1.094580
1.111469
1.127591
1.141980
1.153795
1.162431
1.167573
1.169193
1.167504
1.162886
1.155821
1.146831
1.136434
1.125119
1.11333
1.101457
1.089835
1.078742
1.068397
1.058963
1.050544
1.043183
1.036857
1.031477
1.026887
1.022862
1.019111
1.015287
1.010990
1.005790
0.9992517
0.9909662
0.980602
0.9679536
0.952985
0.9358478
0.916867
0.8964962
0.8752575
0.8536849
0.8322836
0.8115082
0.7917553
0.7733642
0.7566209
0.7417614
0.7289719
0.7183873
0.7100878
0.7040949
0.7003697
0.6988134
0.699272
0.7015457
0.705401
0.7105866
0.716849
0.72395
0.7316819
0.7398816
0.7484436
0.75733
0.766578
0.7763037
0.7867006
0.798029
0.8105932
0.8247025
0.8406153
0.8584736
0.878244
0.8996881
0.9223783
0.9457578
0.9692264
0.9922228
1.014285
1.035080
1.054408
1.072189
1.08844
1.103253
1.116773
1.129173
1.140644
1.151377
1.161550
1.171322
1.180829
1.190174
1.199433
1.208652
1.217853
1.227036
1.236184
1.245271
1.254259
1.263105
1.271756
1.280145
1.288174
1.295699
1.302502
1.308263
1.312542
1.314790
1.314394
1.310773
1.303491
1.292350
1.277415
1.258987
1.237526
1.213563
1.187640
1.160255
1.131846
1.102775
1.073336
1.043757
1.014214
0.984837
0.9557244
0.9269467
0.8985566
0.8705948
0.8430937
0.8160811
0.7895819
0.7636193
0.7382154
0.713391
0.6891657
0.6655585
0.6425884
0.620276
0.5986455
0.5777286
0.5575683
0.5382237
0.5197742
0.5023237
0.4860043
0.4709791
0.4574469
0.4456472
0.4358667
0.4284449
0.4237765
0.4223063
0.4245129
0.4308741
0.4418127
0.4576247
0.4783986
0.5039485
0.5337815
0.5671196
0.602974
0.6402543
0.677883
0.7148888
0.7504647
0.7839901
0.8150253
0.8432897
0.8686327
0.8910045
0.9104301
0.9269878
0.9407925
0.9519837
0.9607173
0.96716
0.9714864
0.9738786
0.9745252
0.9736231
0.9713793
0.9680136
0.9637614
0.958878
0.9536422
0.9483604
0.9433697
0.9390372
0.9357565
0.9339365
0.9339837
0.9362762
0.941132
0.9487742
0.9592953
0.972624
0.9884958
1.006434
1.025752
1.045597
1.06503
1.083149
1.099206
1.112695
1.12338
1.131277
1.136595
1.139676
1.140931
1.140798
1.139706
1.138058
1.136215
1.134490
1.133142
1.132377
1.132343
1.133127
1.13476
1.137214
1.140406
1.144202
1.148418
1.152827
1.157161
1.161107
1.164307
1.166349
1.166774
1.165083
1.160782
1.153444
1.142798
1.128797
1.11166
1.091832
1.069912
1.046552
1.022385
0.997968
0.9737636
0.9501361
0.9273571
0.9056154
0.8850266
0.8656424
0.8474587
0.8304241
0.8144474
0.799407
0.78516
0.7715528
0.758431
0.74565
0.7330833
0.7206307
0.708224
0.6958299
0.6834523
0.6711332
0.6589528
0.6470316
0.6355335
0.624671
0.6147121
0.6059868
0.5988913
0.5938846
0.5914733
0.5921796
0.5964905
0.6047914
0.6172946
0.6339807
0.6545742
0.678564
0.7052665
0.733912
0.7637314
0.7940233
0.8241934
0.8537689
0.8823933
0.909811
0.9358477
0.96039
0.9833684
1.004744
1.024496
1.04262
1.059117
1.073999
1.087284
1.098999
1.109182
1.117888
1.125183
1.131157
1.135923
1.139619
1.142417
1.144524
1.146185
1.147684
1.149339
1.151488
1.154474
1.158613
1.164164
1.171279
1.179973
1.190079
1.201221
1.212812
1.224072
1.234101
1.241975
1.246869
1.248163
1.245504
1.238819
1.228277
1.214228
1.197133
1.177503
1.155858
1.132689
1.108448
1.083534
1.058296
1.033030
1.007985
0.9833662
0.959335
0.9360147
0.9134892
0.8918028
0.8709591
0.8509194
0.831602
0.8128845
0.7946107
0.7766017
0.7586741
0.7406618
0.7224391
0.7039406
0.6851744
0.6662236
0.6472379
0.6284188
0.610001
0.5922385
0.5753949
0.559742
0.5455623
0.5331551
0.5228429
0.5149756
0.5099286
0.5080928
0.5098525
0.5155505
0.5254418
0.5396425
0.5580863
0.5805004
0.6064134
0.635193
0.6661087
0.6984012
0.7313442
0.7642888
0.7966866
0.8280939
0.8581634
0.886628
0.9132834
0.937972
0.9605717
0.9809892
0.9991593
1.015046
1.028648
1.039998
1.049166
1.056258
1.061414
1.064801
1.066614
1.067075
1.066426
1.064935
1.062894
1.060620
1.058451
1.056746
1.055873
1.056198
1.058065
1.061772
1.067546
1.075512
1.085663
1.097829
1.111655
1.126577
1.141838
1.156529
1.169673
1.180349
1.187812
1.191584
1.191488
1.187634
1.180349
1.170110
1.157466
1.142984
1.127207
1.110632
1.093701
1.076793
1.060226
1.04426
1.029095
1.014874
1.001683
0.9895466
0.9784275
0.9682239
0.9587686
0.9498313
0.941125
0.932317
0.9230465
0.9129505
0.9016944
0.8890096
0.8747299
0.8588205
0.8413908
0.8226844
0.8030506
0.7829036
0.7626825
0.742821
0.7237295
0.7057881
0.6893478
0.6747322
0.6622394
0.6521395
0.644668
0.6400145
0.6383097
0.6396111
0.6438935
0.6510451
0.6608724
0.673114
0.6874613
0.7035818
0.7211441
0.7398397
0.7593992
0.779605
0.8002965
0.8213708
0.8427761
0.8644987
0.886542
0.9088995
0.9315221
0.9542904
0.9769978
0.9993552
1.021018
1.041631
1.060871
1.078487
1.094320
1.108305
1.120468
1.130911
1.139799
1.147342
1.153790
1.159411
1.164487
1.169299
1.174116
1.179184
1.184713
1.190866
1.197753
1.205421
1.213846
1.222936
1.232523
1.242365
1.252150
1.261500
1.269975
1.277082
1.282295
1.285073
1.284898
1.281326
1.274045
1.262931
1.248076
1.229774
1.208480
1.184742
1.159134
1.132207
1.104454
1.076296
1.048075
1.020061
0.9924543
0.9653933
0.9389633
0.9132028
0.8881104
0.8636533
0.839775
0.8164047
0.7934657
0.7708852
0.7486018
0.7265724
0.7047765
0.6832185
0.6619273
0.6409547
0.6203727
0.6002703
0.5807517
0.5619355
0.543956
0.5269666
0.5111444
0.4966974
0.4838715
0.4729578
0.4642988
0.4582894
0.4553708
0.4560116
0.4606718
0.4697489
0.4835104
0.5020251
0.5251118
0.5523251
0.5829859
0.6162501
0.6511975
0.6869176
0.7225753
0.757451
0.7909559
0.8226313
0.8521361
0.8792319
0.903766
0.9256571
0.9448823
0.9614657
0.9754704
0.9869902
0.996144
1.003071
1.007927
1.010882
1.012122
1.011844
1.010260
1.007604
1.004127
1.000105
0.9958432
0.9916764
0.9879683
0.9851067
0.9834925
0.9835208
0.9855576
0.9899099
0.9967951
1.006311
1.018402
1.032838
1.049182
1.066788
1.084823
1.102334
1.118358
1.13205
1.142796
1.150273
1.154443
1.155507
1.153833
1.149886
1.144166
1.137170
1.129368
1.121182
1.112988
1.105103
1.097790
1.091257
1.085650
1.081056
1.077500
1.074940
1.073269
1.072313
1.071835
1.071536
1.071059
1.069999
1.067912
1.064331
1.058798
1.050911
1.040376
1.027071
1.011081
0.9927024
0.9724011
0.9507439
0.9283265
0.9057165
0.8834201
0.8618676
0.8414128
0.8223374
0.8048568
0.7891244
0.7752347
0.7632248
0.7530761
0.7447165
0.738025
0.7328384
0.7289611
0.7261756
0.7242564
0.7229834
0.722156
0.7216062
0.7212105
0.7209005
0.7206715
0.7205895
0.7207965
0.7215151
0.7230488
0.7257787
0.7301488
0.7366361
0.7456997
0.757709
0.7728635
0.7911258
0.8121962
0.835542
0.8604776
0.8862663
0.9122158
0.9377439
0.9624095
0.9859154
1.008092
1.028873
1.048269
1.066342
1.083188
1.098914
1.113633
1.127451
1.140462
1.152748
1.164374
1.175393
1.185847
1.195771
1.205194
1.214148
1.222668
1.230799
1.238599
1.246141
1.253516
1.260826
1.268173
1.275640
1.283247
1.290915
1.298408
1.305301
1.310984
1.314713
1.315723
1.313364
1.307205
1.297095
1.283143
1.265659
1.245077
1.221883
1.196565
1.169577
1.141328
1.112173
1.082416
1.052311
1.022076
0.9918876
0.9618973
0.9322284
0.902983
0.874244
0.8460777
0.8185352
0.7916538
0.7654577
0.7399593
0.7151598
0.691051
0.6676176
0.6448417
0.6227077
0.6012096
0.5803583
0.560187
0.5407555
0.5221506
0.5044851
0.4878962
0.472546
0.4586247
0.446356
0.4360056
0.4278895
0.4223807
0.4199105
0.4209596
0.4260318
0.4356056
0.4500616
0.4695923
0.4941142
0.5232109
0.5561362
0.5918837
0.6293084
0.6672613
0.7047025
0.7407716
0.7748135
0.8063707
0.8351562
0.8610195
0.8839129
0.903862
0.9209435
0.935268
0.9469686
0.9561933
0.9631014
0.967861
0.9706486
0.9716488
0.9710547
0.9690698
0.9659089
0.9618013
0.956994
0.951756
0.9463826
0.9411995
0.9365647
0.9328668
0.9305175
0.9299353
0.9315211
0.935625
0.942509
0.9523077
0.9649941
0.9803479
0.9979362
1.017114
1.037059
1.056847
1.075564
1.092427
1.106873
1.118604
1.127573
1.133938
1.138002
1.140153
1.140815
1.140416
1.139359
1.138012
1.136699
1.135689
1.135199
1.135389
1.136361
1.138159
1.14077
1.144125
1.148106
1.152545
1.157230
1.161911
1.166292
1.170032
1.172740
1.173966
1.173220
1.169990
1.163813
1.154351
1.141480
1.125335
1.106301
1.08494
1.061900
1.037827
1.013302
0.9888181
0.9647677
0.9414484
0.9190718
0.8977734
0.8776223
0.8586301
0.840759
0.8239303
0.8080332
0.7929344
0.7784878
0.764545
0.7509646
0.737622
0.7244162
0.7112759
0.6981628
0.685074
0.6720418
0.659135
0.6464593
0.6341604
0.6224285
0.6115046
0.6016881
0.5933421
0.5868941
0.5828266
0.581655
0.5838863
0.589962
0.6001892
0.614674
0.6332779
0.6556138
0.6810855
0.7089632
0.73847
0.7688604
0.799474
0.8297636
0.8593005
0.8877643
0.9149258
0.9406277
0.964766
0.9872755
1.008117
1.027270
1.044727
1.060492
1.074577
1.087008
1.09782
1.107063
1.114803
1.121126
1.126139
1.129975
1.132795
1.134797
1.136212
1.137313
1.138406
1.139830
1.141934
1.145061
1.149515
1.155524
1.163204
1.172514
1.183228
1.194908
1.206907
1.218403
1.228469
1.236189
1.240771
1.241651
1.238542
1.231432
1.220545
1.206266
1.189080
1.169509
1.148070
1.125253
1.101500
1.077199
1.052689
1.028254
1.004132
0.980517
0.957559
0.9353682
0.9140134
0.8935213
0.8738743
0.8550086
0.8368156
0.8191445
0.8018114
0.7846147
0.7673553
0.749861
0.732011
0.7137551
0.6951249
0.6762314
0.6572536
0.6384201
0.6199893
0.6022345
0.5854358
0.5698785
0.5558563
0.5436778
0.5336716
0.5261887
0.5215988
0.5202768
0.5225788
0.528806
0.539161
0.5537026
0.5723121
0.5946804
0.6203238
0.6486262
0.6788975
0.7104357
0.7425786
0.7747388
0.8064205
0.8372202
0.8668166
0.894956
0.9214349
0.9460873
0.9687751
0.9893843
1.007827
1.024045
1.038016
1.049759
1.059331
1.066831
1.072394
1.076188
1.078411
1.079285
1.079060
1.078009
1.076429
1.074641
1.072986
1.071820
1.071505
1.072393
1.074809
1.079025
1.085238
1.093538
1.103882
1.116064
1.129693
1.144176
1.158738
1.172462
1.184386
1.193617
1.199449
1.201448
1.199484
1.193705
1.184476
1.172297
1.157736
1.141371
1.123751
1.105375
1.086680
1.068039
1.049763
1.032102
1.015249
0.9993378
0.9844464
0.9705928
0.957735
0.9457682
0.9345263
0.9237843
0.9132661
0.9026579
0.8916271
0.8798487
0.8670356
0.8529722
0.8375451
0.8207633
0.8027629
0.7837936
0.7641902
0.7443377
0.724639
0.7054927
0.6872802
0.670363
0.655084
0.6417702
0.6307332
0.6222641
0.6166246
0.6140309
0.6146359
0.6185103
0.6256286
0.6358636
0.6489917
0.6647096
0.6826599
0.7024595
0.7237282
0.7461127
0.7693033
0.7930435
0.817132
0.8414174
0.8657883
0.8901552
0.9144304
0.9385045
0.9622265
0.9853926
1.007750
1.029014
1.048903
1.067167
1.083618
1.098146
1.110724
1.121400
1.130292
1.137575
1.143465
1.14822
1.152120
1.155462
1.158553
1.161694
1.165172
1.169243
1.174124
1.179974
1.186886
1.194872
1.203856
1.213667
1.224030
1.234567
1.244799
1.254165
1.262037
1.267765
1.270717
1.270347
1.266249
1.258211
1.246246
1.230583
1.211634
1.189925
1.16604
1.140558
1.114014
1.086882
1.059556
1.032359
1.005541
0.9792887
0.9537274
0.92893
0.904921
0.8816812
0.859155
0.8372564
0.8158785
0.7949035
0.7742142
0.7537053
0.733294
0.7129291
0.6925957
0.6723175
0.6521552
0.6322023
0.61258
0.5934317
0.5749192
0.5572214
0.5405358
0.5250827
0.511111
0.4989058
0.4887946
0.4811511
0.4763921
0.4749641
0.4773149
0.4838492
0.4948687
0.5105086
0.5306843
0.5550664
0.583097
0.6140423
0.6470708
0.6813339
0.7160319
0.7504578
0.784017
0.8162288
0.8467174
0.8751977
0.901461
0.9253622
0.9468105
0.9657617
0.982213
0.9961983
1.007784
1.017068
1.024169
1.029234
1.032428
1.033934
1.033955
1.032714
1.030455
1.027445
1.023979
1.020381
1.017000
1.014214
1.012412
1.011988
1.013310
1.016703
1.022413
1.03058
1.041211
1.054146
1.069037
1.085329
1.102265
1.118933
1.134350
1.147588
1.157899
1.164807
1.168139
1.167999
1.164703
1.158706
1.150528
1.140703
1.129744
1.118123
1.106259
1.094516
1.083200
1.072561
1.062790
1.05402
1.046321
1.039701
1.034099
1.029385
1.025359
1.021754
1.01824
1.014436
1.00992
1.004254
0.9970113
0.98782
0.9764089
0.9626558
0.9466188
0.9285401
0.9088162
0.8879441
0.8664622
0.8448995
0.8237434
0.8034252
0.784317
0.7667337
0.7509377
0.7371397
0.7254992
0.7161208
0.7090516
0.7042773
0.7017222
0.7012522
0.7026819
0.7057862
0.7103147
0.7160081
0.7226155
0.7299102
0.7377058
0.745869
0.754331
0.7630965
0.7722487
0.7819503
0.7924377
0.8040047
0.8169718
0.8316397
0.8482271
0.8668056
0.8872512
0.9092342
0.9322561
0.9557255
0.9790463
1.001693
1.023256
1.043462
1.062167
1.079336
1.095023
1.109347
1.122465
1.134560
1.145822
1.156433
1.166561
1.176350
1.185917
1.195348
1.204700
1.214006
1.223273
1.232493
1.241642
1.250691
1.259601
1.268331
1.276824
1.285007
1.292770
1.299945
1.306276
1.311399
1.314824
1.315967
1.314217
1.309038
1.300088
1.287278
1.270779
1.250966
1.228338
1.203437
1.176786
1.148860
1.120062
1.090725
1.061113
1.031433
1.001839
0.9724496
0.9433517
0.9146103
0.886275
0.8583852
0.8309738
0.8040696
0.7776986
0.7518849
0.7266507
0.7020168
0.6780022
0.6546253
0.6319045
0.6098604
0.5885188
0.5679141
0.5480941
0.5291245
0.5110932
0.4941144
0.4783313
0.4639205
0.4510959
0.4401154
0.4312866
0.424972
0.4215889
0.4216009
0.4254939
0.4337346
0.4467069
0.4646342
0.4875
0.514991
0.5464858
0.5810991
0.6177761
0.6554093
0.6929488
0.7294829
0.7642803
0.7967991
0.8266722
0.8536808
0.877724
0.8987897
0.916931
0.9322461
0.9448634
0.954932
0.9626138
0.9680803
0.9715096
0.9730868
0.9730038
0.9714615
0.9686717
0.96486
0.9602691
0.9551633
0.9498321
0.9445943
0.9397997
0.9358276
0.9330803
0.9319697
0.9328953
0.9362159
0.9422157
0.9510685
0.9628027
0.977269
0.9941148
1.012773
1.03248
1.052334
1.071399
1.088826
1.103963
1.116419
1.126068
1.133013
1.137526
1.139982
1.140803
1.140427
1.139269
1.137715
1.136104
1.134725
1.133813
1.133548
1.134051
1.135384
1.137553
1.140504
1.144133
1.148284
1.152758
1.157310
1.161659
1.165475
1.168381
1.169947
1.169696
1.167122
1.161747
1.153191
1.141261
1.126015
1.107764
1.087030
1.064442
1.040655
1.016276
0.9918268
0.9677294
0.94431
0.921805
0.9003718
0.8800983
0.861012
0.8430884
0.8262588
0.8104194
0.7954402
0.7811748
0.7674706
0.7541793
0.7411661
0.7283184
0.7155521
0.7028158
0.690094
0.6774076
0.6648144
0.6524102
0.6403307
0.6287556
0.6179145
0.6080943
0.5996452
0.592983
0.5885824
0.5869573
0.5886231
0.5940413
0.6035505
0.6172975
0.6351877
0.6568727
0.681785
0.7092086
0.7383675
0.768507
0.7989525
0.8291418
0.8586326
0.8870944
0.9142914
0.9400626
0.9643033
0.9869484
1.007960
1.02732
1.045021
1.061066
1.075468
1.088247
1.099435
1.109078
1.117235
1.123983
1.129422
1.133675
1.136894
1.139265
1.141010
1.142390
1.143701
1.145273
1.147452
1.150579
1.154963
1.16084
1.168337
1.177430
1.187908
1.199351
1.211126
1.222423
1.232323
1.23991
1.244387
1.245178
1.241984
1.234780
1.223777
1.209352
1.191982
1.172186
1.150481
1.127356
1.103254
1.078566
1.053631
1.028737
1.004123
0.9799868
0.9564813
0.9337205
0.9117785
0.8906886
0.8704415
0.850984
0.8322188
0.8140079
0.7961804
0.7785462
0.7609153
0.7431215
0.7250453
0.7066342
0.6879125
0.6689816
0.6500093
0.6312121
0.6128373
0.5951485
0.5784173
0.5629223
0.5489522
0.5368125
0.5268307
0.51936
0.5147753
0.5134612
0.5157878
0.5220741
0.5325417
0.5472673
0.5661439
0.5888645
0.6149364
0.6437234
0.674508
0.7065567
0.7391771
0.7717555
0.8037756
0.8348199
0.8645598
0.8927397
0.91916
0.9436625
0.9661203
0.9864335
1.004529
1.020365
1.033933
1.045263
1.054423
1.06152
1.066693
1.070113
1.071978
1.072512
1.071963
1.070604
1.068730
1.066662
1.064743
1.063330
1.062790
1.063481
1.065736
1.069838
1.075991
1.084295
1.094714
1.107049
1.120907
1.135698
1.150637
1.164803
1.177226
1.187006
1.193436
1.196083
1.194819
1.189790
1.181358
1.170018
1.156333
1.140873
1.124181
1.106749
1.089014
1.071345
1.054053
1.037387
1.021541
1.006648
0.9927862
0.9799712
0.9681585
0.9572393
0.9470411
0.9373306
0.9278207
0.9181835
0.9080692
0.8971323
0.8850636
0.871626
0.8566876
0.840246
0.8224357
0.803514
0.7838312
0.7637924
0.7438211
0.7243337
0.7057252
0.688365
0.6725977
0.6587464
0.6471127
0.6379733
0.6315714
0.6281039
0.6277049
0.6304308
0.636249
0.6450337
0.6565724
0.6705814
0.6867288
0.7046603
0.7240258
0.7445009
0.7658038
0.7877056
0.8100334
0.8326682
0.8555352
0.8785888
0.9017898
0.925079
0.9483511
0.9714344
0.9940858
1.016006
1.036870
1.056370
1.074249
1.090332
1.104529
1.116841
1.127344
1.136182
1.143551
1.149689
1.154860
1.159352
1.163455
1.167461
1.171645
1.176255
1.181500
1.187536
1.194462
1.202301
1.211003
1.220433
1.230369
1.240504
1.250448
1.259731
1.267825
1.274155
1.278134
1.279204
1.276885
1.270838
1.260908
1.247160
1.229865
1.209460
1.186487
1.161524
1.135136
1.107834
1.080061
1.052182
1.024489
0.9972036
0.9704832
0.9444294
0.9190935
0.894483
0.870568
0.847289
0.8245653
0.8023041
0.780411
0.7587992
0.7373992
0.7161656
0.695082
0.6741622
0.6534499
0.633016
0.6129544
0.5933784
0.5744182
0.5562199
0.5389473
0.5227857
0.5079474
0.4946794
0.4832704
0.4740571
0.4674265
0.4638112
0.4636719
0.4674645
0.4755895
0.4883273
0.5057709
0.5277742
0.5539338
0.5836148
0.6160142
0.650246
0.6854249
0.7207316
0.7554539
0.7890025
0.8209109
0.8508244
0.878485
0.9037166
0.9264111
0.9465176
0.9640328
0.9789935
0.9914707
1.001564
1.009396
1.015111
1.018871
1.020853
1.021251
1.020275
1.018152
1.015133
1.011492
1.007528
1.003574
0.9999872
0.9971524
0.995467
0.9953247
0.9970934
1.001086
1.00753
1.016539
1.028079
1.041945
1.057733
1.074826
1.092418
1.109565
1.125291
1.138718
1.14918
1.156297
1.159987
1.160420
1.157951
1.153044
1.146211
1.137965
1.128793
1.119138
1.109392
1.099890
1.090914
1.082686
1.075372
1.069078
1.063845
1.059651
1.056406
1.053951
1.052061
1.050446
1.048755
1.046590
1.043511
1.039062
1.032798
1.02433
1.013379
0.9998293
0.9837607
0.9654537
0.9453504
0.9239924
0.9019537
0.879787
0.8579907
0.8369953
0.8171613
0.7987835
0.7820952
0.7672717
0.7544318
0.7436371
0.7348924
0.7281453
0.7232894
0.7201696
0.7185912
0.718331
0.7191512
0.7208143
0.7230978
0.7258094
0.7288001
0.7319763
0.7353102
0.7388476
0.7427142
0.7471186
0.7523508
0.7587726
0.7667962
0.7768439
0.7892891
0.8043814
0.8221745
0.8424818
0.8648812
0.8887728
0.9134722
0.9383078
0.9626971
0.9861892
1.008477
1.029386
1.048853
1.066901
1.083612
1.099107
1.113523
1.127005
1.139691
1.151704
1.163150
1.174113
1.184661
1.194841
1.204689
1.214227
1.223476
1.232452
1.241175
1.249668
1.257962
1.266092
1.274089
1.281975
1.289732
1.297274
1.304407
1.310789
1.315909
1.319118
1.319707
1.317030
1.310627
1.300301
1.286129
1.268411
1.247586
1.224160
1.198639
1.171495
1.143145
1.113945
1.084190
1.054126
1.023950
0.9938259
0.9638852
0.9342363
0.9049684
0.8761547
0.8478553
0.8201192
0.7929852
0.7664833
0.7406352
0.715455
0.6909506
0.6671245
0.6439768
0.6215079
0.5997232
0.5786384
0.558285
0.5387153
0.5200053
0.5022568
0.4855975
0.4701825
0.4561971
0.4438626
0.4334427
0.4252518
0.419661
0.4170984
0.4180401
0.4229848
0.4324068
0.4466861
0.4660212
0.4903431
0.5192582
0.5520454
0.5877203
0.6251495
0.6631827
0.7007676
0.7370235
0.771273
0.8030372
0.8320122
0.858035
0.881051
0.9010834
0.9182105
0.9325471
0.9442322
0.9534202
0.9602762
0.9649732
0.967691
0.9686166
0.9679447
0.965879
0.9626346
0.9584408
0.9535444
0.948214
0.942744
0.9374595
0.9327168
0.9289028
0.9264273
0.9257073
0.9271437
0.9310888
0.9378099
0.9474514
0.9599994
0.97525
0.9927893
1.011990
1.032044
1.052033
1.071041
1.088274
1.103153
1.115364
1.124843
1.131737
1.136341
1.139035
1.140239
1.140377
1.139851
1.139025
1.138222
1.137709
1.137701
1.138356
1.139775
1.141999
1.145015
1.148755
1.153100
1.157886
1.162908
1.167921
1.172641
1.176739
1.179836
1.181496
1.181231
1.178530
1.172913
1.164015
1.151674
1.135987
1.11731
1.09619
1.073272
1.049206
1.024589
0.9999229
0.9756122
0.9519631
0.929194
0.9074451
0.8867897
0.8672422
0.8487682
0.8312925
0.8147084
0.7988877
0.7836902
0.768974
0.7546053
0.7404665
0.7264639
0.7125324
0.698639
0.6847834
0.6709987
0.6573513
0.6439415
0.630906
0.618422
0.6067141
0.5960617
0.5868051
0.5793484
0.5741538
0.5717243
0.5725692
0.5771538
0.5858342
0.5987902
0.6159728
0.6370842
0.6616025
0.6888431
0.7180422
0.7484376
0.7793315
0.8101278
0.8403447
0.869611
0.8976516
0.92427
0.9493294
0.972738
0.994436
1.014387
1.032572
1.048987
1.063640
1.076552
1.087761
1.097315
1.105283
1.111752
1.116828
1.120646
1.123364
1.125175
1.126307
1.127024
1.127631
1.128459
1.129864
1.132201
1.135799
1.140931
1.147774
1.156371
1.166597
1.178129
1.190434
1.202779
1.214282
1.224
1.231046
1.234705
1.234519
1.230316
1.222190
1.210443
1.195515
1.177917
1.158181
1.13682
1.114307
1.091066
1.067466
1.043823
1.020404
0.9974254
0.975062
0.9534442
0.9326596
0.9127522
0.8937197
0.8755114
0.8580276
0.841121
0.8246042
0.8082615
0.7918688
0.7752177
0.7581418
0.7405417
0.7224013
0.7037937
0.684874
0.6658618
0.6470197
0.6286332
0.6109965
0.594406
0.5791606
0.5655663
0.5539412
0.54462
0.5379532
0.5342994
0.534008
0.5373919
0.5446905
0.5560298
0.5713866
0.5905677
0.613211
0.6388121
0.6667695
0.6964393
0.7271871
0.7584279
0.78965
0.820424
0.8503984
0.8792886
0.906861
0.9329185
0.9572888
0.979819
1.000375
1.018846
1.035153
1.049258
1.061166
1.070928
1.078639
1.084435
1.088488
1.091001
1.092205
1.092358
1.091742
1.090663
1.089446
1.088435
1.087983
1.088440
1.090138
1.093371
1.098373
1.105294
1.114168
1.124894
1.137207
1.150654
1.164597
1.178227
1.190624
1.200854
1.20808
1.211673
1.211287
1.206872
1.198646
1.187021
1.172536
1.155775
1.137323
1.117727
1.097475
1.076991
1.056634
1.036697
1.017413
0.9989568
0.9814453
0.96494
0.949445
0.9349054
0.921208
0.9081825
0.895607
0.8832178
0.8707242
0.85783
0.8442589
0.8297835
0.8142532
0.7976166
0.7799326
0.7613667
0.7421743
0.722674
0.7032194
0.6841759
0.6659059
0.6487624
0.6330895
0.6192247
0.6075018
0.5982485
0.5917798
0.5883831
0.5882975
0.5916893
0.5986271
0.6090643
0.6228328
0.6396514
0.6591488
0.6808958
0.704441
0.7293433
0.7551975
0.7816491
0.8084007
0.8352087
0.8618743
0.8882286
0.9141158
0.9393758
0.9638306
0.9872776
1.009493
1.030246
1.049319
1.066534
1.081764
1.094953
1.106111
1.115314
1.122694
1.128434
1.132758
1.135924
1.138216
1.139943
1.141425
1.142987
1.144949
1.147609
1.151232
1.156029
1.162144
1.169639
1.178473
1.188492
1.199418
1.210834
1.222195
1.232838
1.242016
1.248962
1.252954
1.253401
1.249912
1.242342
1.230792
1.215585
1.197201
1.176214
1.153223
1.128805
1.103486
1.077723
1.051899
1.026325
1.001245
0.9768397
0.9532317
0.9304903
0.9086334
0.8876308
0.8674086
0.8478543
0.8288251
0.8101586
0.7916863
0.7732484
0.75471
0.7359747
0.716996
0.6977825
0.678399
0.6589606
0.6396249
0.6205817
0.6020439
0.5842417
0.5674211
0.551845
0.5377987
0.5255955
0.5155819
0.5081383
0.5036732
0.502605
0.5053316
0.5121854
0.5233806
0.5389615
0.5587679
0.5824292
0.6093916
0.6389732
0.6704327
0.7030336
0.7360947
0.7690187
0.8013032
0.8325367
0.862388
0.890592
0.9169367
0.9412533
0.9634112
0.983315
1.000905
1.016158
1.029089
1.039748
1.048222
1.054631
1.059123
1.061874
1.063087
1.062988
1.061827
1.059882
1.057456
1.054879
1.052507
1.050712
1.049872
1.050359
1.052512
1.056614
1.062866
1.071360
1.082050
1.094726
1.108990
1.124245
1.139704
1.154442
1.167483
1.177926
1.185062
1.188461
1.188004
1.183845
1.176354
1.166029
1.153431
1.139127
1.123654
1.107500
1.091095
1.074807
1.058944
1.043754
1.029429
1.0161
1.003841
0.9926615
0.9825058
0.973251
0.9647063
0.9566171
0.948672
0.940517
0.9317747
0.922072
0.911073
0.8985165
0.8842527
0.8682704
0.8507065
0.8318328
0.8120237
0.7917136
0.7713565
0.7513957
0.7322473
0.7142937
0.6978845
0.6833387
0.6709456
0.6609623
0.6536062
0.649045
0.6473831
0.648651
0.6527969
0.6596863
0.669109
0.6807951
0.6944348
0.709703
0.7262822
0.7438829
0.7622595
0.7812214
0.8006387
0.8204422
0.8406169
0.8611881
0.8821998
0.903684
0.925625
0.9479277
0.9703958
0.9927357
1.014584
1.035555
1.055293
1.073511
1.090020
1.104731
1.117648
1.128861
1.138522
1.146837
1.154045
1.160410
1.166206
1.171703
1.177160
1.182809
1.188847
1.195423
1.202635
1.210519
1.219047
1.228130
1.237610
1.247269
1.256828
1.265954
1.274261
1.281315
1.286639
1.28973
1.290082
1.287231
1.280812
1.270627
1.256679
1.239192
1.218566
1.195320
1.170021
1.143229
1.115452
1.087130
1.058624
1.03022
1.002134
0.9745185
0.9474702
0.9210394
0.8952367
0.8700419
0.845412
0.82129
0.797615
0.7743284
0.7513818
0.7287429
0.7063987
0.6843569
0.6626454
0.6413109
0.6204163
0.6000385
0.5802672
0.561205
0.5429691
0.525695
0.5095412
0.4946961
0.4813851
0.4698781
0.460496
0.4536144
0.4496605
0.4490996
0.4524063
0.4600165
0.4722631
0.4893043
0.5110603
0.5371816
0.5670603
0.5998869
0.6347356
0.6706569
0.706756
0.742245
0.77647
0.808916
0.8391985
0.8670479
0.8922922
0.9148398
0.934664
0.9517897
0.9662832
0.9782422
0.9877893
0.9950667
1.000232
1.003455
1.004919
1.004819
1.003362
1.000773
0.9972956
0.9931962
0.988768
0.984334
0.9802473
0.9768888
0.9746577
0.9739563
0.975168
0.9786287
0.9845968
0.9932208
1.004509
1.018299
1.034232
1.051739
1.070050
1.088247
1.10536
1.120495
1.132953
1.142309
1.14843
1.151437
1.151640
1.149467
1.145399
1.139928
1.133524
1.126619
1.119597
1.112788
1.106468
1.100857
1.096117
1.092349
1.089594
1.087827
1.086960
1.086840
1.087252
1.087920
1.088512
1.088646
1.087891
1.085785
1.081854
1.075651
1.066809
1.055107
1.040524
1.023263
1.003730
0.9824686
0.9600864
0.9371827
0.9143036
0.8919183
0.8704136
0.8500972
0.8312039
0.8139016
0.7982963
0.7844355
0.7723107
0.7618612
0.7529786
0.7455133
0.7392834
0.7340848
0.7297041
0.7259307
0.7225704
0.7194577
0.716467
0.7135224
0.7106054
0.7077613
0.7051046
0.7028234
0.701183
0.7005274
0.7012753
0.7039055
0.708925
0.7168153
0.7279579
0.7425532
0.7605545
0.7816443
0.8052684
0.8307165
0.8572264
0.8840789
0.9106635
0.9365099
0.961291
0.9848068
1.006961
1.027734
1.047160
1.065305
1.082252
1.098091
1.112906
1.126775
1.139765
1.151932
1.163322
1.173974
1.183921
1.193197
1.201839
1.209894
1.217422
1.224502
1.231238
1.237759
1.244215
1.250773
1.257593
1.264795
1.272415
1.280351
1.288314
1.295805
1.302138
1.306509
1.308125
1.306330
1.300709
1.291120
1.277676
1.260683
1.240564
1.217796
1.192857
1.166204
1.138247
1.109351
1.079831
1.049956
1.019955
0.9900204
0.9603135
0.930967
0.9020896
0.8737682
0.84607
0.8190437
0.7927208
0.7671163
0.7422292
0.7180444
0.6945346
0.6716649
0.6493986
0.6277058
0.6065725
0.5860085
0.5660533
0.5467772
0.5282805
0.5106888
0.4941513
0.4788398
0.4649522
0.4527189
0.4424109
0.4343487
0.4289092
0.4265265
0.4276815
0.4328749
0.4425768
0.4571534
0.4767764
0.5013387
0.5304031
0.5632117
0.5987601
0.6359194
0.673567
0.7106942
0.7464701
0.7802643
0.8116363
0.840309
0.8661348
0.8890631
0.9091128
0.9263504
0.9408752
0.9528083
0.962287
0.969461
0.9744911
0.9775482
0.9788132
0.9784772
0.9767424
0.9738236
0.9699506
0.9653715
0.9603568
0.9552036
0.9502393
0.9458237
0.9423463
0.9402183
0.9398561
0.9416557
0.9459594
0.9530185
0.9629547
0.975725
0.9910912
1.008601
1.027592
1.047223
1.066561
1.084689
1.100831
1.114436
1.125223
1.133162
1.138430
1.141345
1.142311
1.141763
1.140138
1.137851
1.135278
1.132747
1.130537
1.128872
1.127919
1.127785
1.128521
1.130119
1.132512
1.135580
1.139151
1.143004
1.146871
1.150439
1.153344
1.155174
1.155465
1.153717
1.149435
1.142189
1.131698
1.117902
1.100997
1.081411
1.059725
1.036586
1.012624
0.9884017
0.9643913
0.940969
0.9184198
0.896947
0.8766807
0.8576867
0.8399734
0.8234994
0.808181
0.7938999
0.7805129
0.7678611
0.7557806
0.7441132
0.7327157
0.7214693
0.7102861
0.6991145
0.6879423
0.676799
0.6657566
0.6549321
0.6444907
0.6346505
0.6256891
0.6179494
0.6118423
0.6078416
0.6064654
0.60824
0.6136441
0.623038
0.6365915
0.6542289
0.6756137
0.700181
0.7272106
0.7559192
0.7855463
0.8154168
0.8449745
0.8737896
0.9015497
0.9280409
0.9531268
0.9767275
0.9988026
1.019337
1.038331
1.055794
1.071740
1.086188
1.099158
1.110680
1.120788
1.129531
1.136971
1.143189
1.148290
1.152407
1.155704
1.158385
1.16069
1.162898
1.165319
1.168283
1.172114
1.177099
1.183450
1.191258
1.200449
1.210752
1.221677
1.232527
1.242448
1.250523
1.255885
1.257836
1.255929
1.249994
1.240116
1.226583
1.209816
1.190303
1.168557
1.145072
1.120309
1.09468
1.068548
1.042226
1.015977
0.9900222
0.96454
0.9396715
0.915521
0.8921566
0.8696107
0.8478777
0.8269141
0.8066388
0.7869364
0.767665
0.7486691
0.7297973
0.7109228
0.6919635
0.672897
0.6537676
0.6346835
0.6158057
0.5973337
0.5794911
0.5625164
0.5466592
0.5321825
0.5193678
0.5085231
0.4999882
0.4941371
0.4913728
0.4921099
0.496744
0.5056051
0.5189014
0.5366619
0.5586947
0.5845761
0.613678
0.6452295
0.6783959
0.7123565
0.7463657
0.7797882
0.8121118
0.8429416
0.8719846
0.8990288
0.9239249
0.9465696
0.9668961
0.984868
1.000478
1.013747
1.024730
1.033510
1.040202
1.044947
1.047915
1.049296
1.049303
1.048173
1.046163
1.043555
1.040656
1.037798
1.035338
1.033649
1.033110
1.034091
1.036925
1.041885
1.049150
1.058777
1.070661
1.084515
1.099842
1.115937
1.131920
1.146817
1.159671
1.169672
1.176256
1.179158
1.178403
1.174249
1.167119
1.157526
1.146013
1.133116
1.119331
1.105105
1.090827
1.076830
1.063386
1.050711
1.038962
1.028240
1.018582
1.009963
1.002290
0.9954039
0.9890778
0.9830214
0.9768894
0.9702952
0.962832
0.954102
0.9437552
0.931532
0.9173063
0.9011136
0.883155
0.8637744
0.8434129
0.8225574
0.8016965
0.7812904
0.7617574
0.7434701
0.7267577
0.7119092
0.6991736
0.6887582
0.6808227
0.6754714
0.672746
0.6726194
0.6749944
0.6797085
0.6865437
0.6952417
0.7055226
0.7171046
0.7297225
0.743145
0.7571886
0.7717285
0.7867059
0.8021304
0.8180772
0.8346755
0.8520866
0.8704688
0.8899325
0.9104902
0.9320175
0.95424
0.9767565
0.999094
1.020776
1.041384
1.060600
1.078223
1.094165
1.108439
1.121139
1.132422
1.142489
1.151564
1.159887
1.167695
1.175211
1.182635
1.190137
1.197845
1.205848
1.214188
1.222864
1.231833
1.241014
1.250292
1.259518
1.268519
1.277085
1.284970
1.291879
1.297458
1.301282
1.302863
1.301686
1.297266
1.289238
1.277433
1.26192
1.242990
1.221102
1.196798
1.170642
1.143158
1.114811
1.085986
1.056993
1.028068
0.9993854
0.9710633
0.9431762
0.9157634
0.888838
0.862396
0.8364234
0.8109032
0.7858208
0.7611677
0.7369438
0.7131587
0.6898311
0.6669885
0.644666
0.6229056
0.601756
0.5812739
0.5615257
0.5425912
0.5245675
0.5075743
0.4917596
0.4773052
0.4644335
0.4534131
0.4445653
0.4382663
0.4349449
0.4350687
0.4391155
0.4475256
0.4606374
0.4786128
0.5013717
0.5285537
0.5595253
0.5934343
0.629298
0.666103
0.7028931
0.7388315
0.7732335
0.8055741
0.8354788
0.8627045
0.8871171
0.908669
0.9273788
0.943315
0.956582
0.9673102
0.975648
0.9817574
0.98581
0.9879864
0.988476
0.987478
0.9852036
0.9818794
0.9777503
0.9730841
0.9681752
0.9633478
0.9589563
0.9553833
0.95303
0.9523019
0.9535852
0.9572194
0.9634648
0.9724701
0.9842397
0.998603
1.015189
1.033413
1.052494
1.071513
1.089517
1.105645
1.119241
1.129925
1.137591
1.142373
1.144577
1.144611
1.142931
1.140000
1.136261
1.132115
1.127922
1.123986
1.120559
1.117835
1.115952
1.114985
1.114951
1.115804
1.117440
1.119698
1.122360
1.125160
1.127779
1.129854
1.130969
1.130670
1.128472
1.123894
1.116518
1.106059
1.092434
1.075807
1.056566
1.035267
1.012539
0.989015
0.965266
0.9417796
0.9189512
0.8970861
0.8764088
0.8570703
0.8391562
0.8226926
0.8076525
0.7939615
0.7815047
0.7701353
0.7596834
0.7499671
0.7408036
0.7320202
0.7234655
0.7150184
0.7065958
0.6981587
0.6897156
0.6813257
0.6731017
0.6652131
0.6578904
0.6514312
0.6462036
0.6426462
0.6412577
0.6425699
0.6471002
0.6552832
0.6673918
0.6834673
0.7032822
0.7263532
0.7520045
0.779461
0.807946
0.8367567
0.8653103
0.8931589
0.9199836
0.945576
0.9698147
0.9926428
1.014047
1.034041
1.052654
1.069923
1.085883
1.10057
1.114014
1.126245
1.137293
1.147190
1.155979
1.163711
1.170457
1.17631
1.181389
1.185848
1.189877
1.193704
1.197589
1.201816
1.206670
1.212403
1.219191
1.227089
1.235975
1.245522
1.255177
1.264194
1.271706
1.276833
1.278812
1.277095
1.271401
1.261720
1.248257
1.231378
1.211537
1.189224
1.164926
1.139101
1.112168
1.084495
1.056404
1.028171
1.000030
0.972173
0.9447602
0.9179168
0.891738
0.8662898
0.8416093
0.8177049
0.794556
0.7721142
0.7503056
0.7290377
0.7082084
0.6877198
0.6674938
0.6474873
0.6277021
0.6081903
0.5890507
0.5704214
0.5524698
0.5353841
0.51937
0.504651
0.4914738
0.4801157
0.4708927
0.4641664
0.4603443
0.4598717
0.4632086
0.4707871
0.4829509
0.4998814
0.5215272
0.5475593
0.577372
0.6101355
0.6448886
0.6806443
0.7164823
0.7516113
0.7853975
0.817365
0.847179
0.874621
0.8995613
0.921937
0.9417333
0.9589709
0.9736984
0.9859885
0.9959363
1.003658
1.009289
1.012986
1.014921
1.015286
1.014287
1.012149
1.009118
1.005459
1.001464
0.9974533
0.993775
0.9908043
0.9889351
0.9885662
0.9900792
0.9938098
1.000014
1.008834
1.020261
1.034104
1.049966
1.067231
1.085089
1.102596
1.118786
1.132788
1.143947
1.151882
1.156496
1.157937
1.156530
1.152712
1.146969
1.139799
1.131676
1.123036
1.114266
1.105701
1.097622
1.090251
1.083753
1.078236
1.073744
1.070259
1.067696
1.065908
1.064677
1.063726
1.062716
1.061255
1.058905
1.055202
1.049684
1.041935
1.031641
1.018647
1.003006
0.9849787
0.9650004
0.9436171
0.9214125
0.8989504
0.8767393
0.8552169
0.8347478
0.8156274
0.7980877
0.7823007
0.7683815
0.756389
0.7463265
0.7381427
0.7317354
0.7269569
0.7236221
0.7215198
0.720425
0.7201127
0.720372
0.72102
0.7219141
0.7229639
0.724141
0.7254873
0.7271214
0.7292442
0.7321393
0.7361695
0.7417608
0.7493719
0.7594412
0.7723153
0.78817
0.8069462
0.8283287
0.8517798
0.87662
0.9021297
0.9276405
0.9525979
0.9765889
0.999343
1.020715
1.04066
1.059209
1.076442
1.092469
1.107416
1.121406
1.134556
1.146972
1.158742
1.169937
1.180614
1.190817
1.20058
1.209932
1.218901
1.227517
1.235818
1.243852
1.251678
1.259368
1.266997
1.274634
1.282313
1.289994
1.297523
1.304581
1.310666
1.315112
1.317172
1.316137
1.311470
1.30289
1.290396
1.274224
1.254769
1.232512
1.207953
1.181568
1.153789
1.124992
1.095496
1.065571
1.035440
1.005289
0.9752712
0.945513
0.9161193
0.887176
0.8587528
0.8309053
0.8036764
0.7770975
0.7511889
0.7259614
0.7014166
0.6775494
0.6543497
0.6318075
0.6099175
0.588686
0.5681368
0.5483169
0.5292987
0.5111808
0.4940871
0.4781668
0.4635961
0.4505829
0.4393735
0.430261
0.4235928
0.4197740
0.4192635
0.4225559
0.4301434
0.4424545
0.4597711
0.4821381
0.5092907
0.5406286
0.5752549
0.6120767
0.649936
0.6877349
0.7245261
0.759559
0.7922862
0.8223445
0.8495234
0.873731
0.8949625
0.913275
0.9287669
0.9415646
0.9518126
0.959668
0.9652974
0.9688752
0.970584
0.9706139
0.9691646
0.9664463
0.9626824
0.9581122
0.952995
0.9476146
0.9422833
0.937345
0.9331749
0.9301751
0.9287625
0.9293476
0.9323058
0.9379416
0.9464505
0.9578815
0.9721049
0.9887857
1.007374
1.027121
1.047136
1.066486
1.084317
1.099958
1.112993
1.123266
1.130852
1.135998
1.139060
1.140453
1.140604
1.139928
1.138811
1.137595
1.136571
1.135979
1.136003
1.136768
1.138342
1.140736
1.143903
1.147745
1.152115
1.156823
1.161634
1.166275
1.170430
1.173731
1.175760
1.176042
1.174070
1.169349
1.16147
1.150200
1.135549
1.117794
1.097424
1.075063
1.051366
1.026951
1.002354
0.9780121
0.9542666
0.9313657
0.9094777
0.8886998
0.8690675
0.8505638
0.833127
0.8166598
0.8010383
0.7861223
0.7717646
0.7578218
0.7441634
0.7306797
0.7172884
0.7039386
0.6906136
0.6773312
0.6641445
0.6511422
0.6384504
0.6262363
0.6147143
0.6041526
0.5948804
0.5872917
0.5818412
0.5790299
0.5793736
0.5833545
0.5913571
0.603599
0.620073
0.6405212
0.6644513
0.6911951
0.7199915
0.750071
0.7807228
0.8113369
0.8414197
0.870592
0.8985748
0.925171
0.9502461
0.9737122
0.9955136
1.015618
1.034009
1.050683
1.065648
1.078922
1.090536
1.100533
1.108974
1.115934
1.121513
1.125831
1.129037
1.131312
1.132872
1.133969
1.134895
1.135976
1.137557
1.139992
1.143611
1.148691
1.155417
1.163840
1.173845
1.185118
1.197132
1.209159
1.220323
1.229686
1.236364
1.239647
1.239079
1.234488
1.225964
1.213807
1.198453
1.180407
1.160198
1.138336
1.115291
1.091486
1.067289
1.043017
1.018936
0.9952636
0.972176
0.949806
0.9282458
0.907545
0.8877092
0.8686985
0.8504258
0.8327587
0.8155256
0.7985269
0.7815534
0.764409
0.7469362
0.7290393
0.7107012
0.6919889
0.673047
0.654082
0.6353422
0.617099
0.599634
0.5832332
0.5681878
0.5547987
0.5433827
0.5342769
0.5278383
0.5244369
0.5244375
0.5281716
0.5358985
0.5477608
0.5637446
0.5836545
0.6071133
0.633588
0.66244
0.6929834
0.7245432
0.7564982
0.7883081
0.8195227
0.8497778
0.878783
0.9063057
0.9321555
0.9561732
0.978223
0.9981926
1.015996
1.031580
1.044930
1.056071
1.065073
1.072046
1.077133
1.080515
1.082396
1.083011
1.082619
1.081501
1.079965
1.07834
1.076972
1.076219
1.076439
1.077971
1.081119
1.086125
1.093143
1.102211
1.113226
1.125911
1.139799
1.154228
1.168365
1.181269
1.191994
1.199706
1.203798
1.203948
1.200135
1.192598
1.181763
1.168167
1.152391
1.135008
1.116553
1.097505
1.078279
1.059225
1.040630
1.022724
1.005675
0.9895986
0.974549
0.9605232
0.9474575
0.9352266
0.9236453
0.9124736
0.9014261
0.8901881
0.8784368
0.865869
0.852233
0.8373591
0.8211865
0.8037762
0.785308
0.7660613
0.746384
0.72666
0.7072821
0.6886343
0.6710843
0.6549835
0.6406686
0.6284646
0.6186823
0.6116123
0.6075115
0.6065856
0.608968
0.6147011
0.6237232
0.6358659
0.6508645
0.6683787
0.6880216
0.7093905
0.7320955
0.7557812
0.7801412
0.8049242
0.8299321
0.8550125
0.880044
0.9049182
0.9295189
0.9537017
0.9772812
1.000028
1.021680
1.04197
1.06065
1.077525
1.092470
1.105435
1.116449
1.125608
1.133069
1.139035
1.143748
1.147483
1.150534
1.153210
1.155821
1.158672
1.162044
1.166186
1.171296
1.177511
1.18489
1.193406
1.202932
1.213234
1.223966
1.234670
1.244786
1.253675
1.260653
1.265044
1.266242
1.263777
1.257370
1.246970
1.232756
1.215099
1.194506
1.171556
1.146839
1.120907
1.094257
1.06731
1.040414
1.013844
0.9878075
0.9624534
0.9378733
0.914108
0.8911524
0.8689598
0.8474486
0.8265097
0.806017
0.7858377
0.7658461
0.745935
0.7260268
0.7060823
0.6861046
0.6661396
0.6462727
0.6266234
0.6073383
0.5885857
0.5705516
0.5534395
0.5374727
0.5228993
0.5099991
0.4990901
0.490533
0.4847305
0.4821171
0.4831355
0.4881975
0.4976295
0.5116111
0.5301199
0.5528998
0.5794652
0.609145
0.6411516
0.6746603
0.7088778
0.7430902
0.7766873
0.8091686
0.8401361
0.8692809
0.896369
0.921229
0.943742
0.9638345
0.981475
0.9966696
1.009460
1.019919
1.028151
1.034284
1.038472
1.040889
1.041730
1.041212
1.039571
1.037068
1.033992
1.030656
1.027403
1.024602
1.022638
1.021900
1.022764
1.025565
1.030568
1.037946
1.047743
1.059850
1.073975
1.089627
1.106109
1.122549
1.137974
1.151426
1.162084
1.169377
1.173035
1.173084
1.169784
1.163564
1.154937
1.144449
1.132631
1.119977
1.106931
1.093879
1.081150
1.069015
1.057688
1.047323
1.038016
1.029798
1.022636
1.016426
1.010994
1.006100
1.001436
0.9966414
0.9913126
0.9850251
0.9773621
0.9679521
0.9565137
0.9429003
0.927133
0.909408
0.8900764
0.8695967
0.8484801
0.8272412
0.8063639
0.7862842
0.7673854
0.7499997
0.7344114
0.7208584
0.7095312
0.7005694
0.6940554
0.6900097
0.688387
0.6890773
0.6919109
0.6966686
0.7030972
0.7109259
0.7198852
0.7297247
0.7402293
0.7512338
0.7626341
0.7743963
0.7865611
0.7992439
0.8126268
0.8269413
0.8424363
0.8593324
0.8777652
0.8977298
0.9190447
0.9413542
0.9641714
0.9869514
1.00917
1.030385
1.050274
1.068640
1.085406
1.100592
1.114299
1.126682
1.137933
1.148262
1.157884
1.167004
1.175809
1.184459
1.193080
1.201762
1.210562
1.219497
1.228556
1.237702
1.246874
1.255995
1.264973
1.273697
1.282036
1.289824
1.296845
1.302810
1.307343
1.309970
1.310149
1.307325
1.301030
1.290979
1.277129
1.259686
1.23905
1.215737
1.190301
1.163274
1.135134
1.106284
1.077052
1.047696
1.018408
0.9893289
0.960556
0.9321542
0.904164
0.8766101
0.8495077
0.8228677
0.7967004
0.7710183
0.7458366
0.7211737
0.6970515
0.6734941
0.6505281
0.6281827
0.6064909
0.585491
0.5652302
0.5457677
0.5271801
0.5095657
0.4930494
0.4777874
0.4639723
0.4518387
0.4416692
0.4337994
0.4286208
0.4265753
0.4281393
0.4337906
0.4439557
0.45894
0.478851
0.5035325
0.5325327
0.5651215
0.6003582
0.6371917
0.6745687
0.7115241
0.74724
0.781072
0.81255
0.84136
0.8673196
0.8903514
0.9104572
0.927697
0.9421725
0.9540137
0.96337
0.9704037
0.9752864
0.9781975
0.9793233
0.978858
0.977006
0.9739837
0.9700238
0.965378
0.9603216
0.955158
0.9502202
0.9458723
0.9425045
0.9405235
0.940335
0.942319
0.9467995
0.9540103
0.9640612
0.9769048
0.9923064
1.009822
1.028796
1.048395
1.067680
1.085728
1.101754
1.115205
1.125803
1.133529
1.138576
1.141277
1.142046
1.141329
1.139566
1.137173
1.134524
1.131947
1.129717
1.128053
1.127118
1.127017
1.127793
1.129434
1.131867
1.134965
1.138549
1.142394
1.146229
1.149737
1.152555
1.154269
1.154420
1.152515
1.148064
1.140648
1.129992
1.116047
1.099014
1.079327
1.057573
1.034400
1.010439
0.986253
0.9623102
0.938984
0.9165555
0.8952233
0.875113
0.8562855
0.8387447
0.822445
0.8072986
0.7931836
0.7799538
0.7674478
0.7555004
0.7439526
0.7326617
0.7215103
0.7104128
0.6993207
0.6882254
0.6771598
0.6661999
0.6554662
0.6451275
0.6354054
0.6265807
0.6189999
0.6130773
0.6092897
0.6081569
0.6102042
0.6159052
0.625609
0.6394685
0.6573877
0.67901
0.7037546
0.7308933
0.7596423
0.7892481
0.8190463
0.8484932
0.8771714
0.904779
0.9311113
0.9560381
0.9794845
1.001413
1.021811
1.040679
1.058027
1.073870
1.088225
1.101113
1.112564
1.122612
1.131305
1.138707
1.144900
1.149989
1.154109
1.157426
1.160143
1.162503
1.164787
1.167306
1.170388
1.174353
1.179484
1.185979
1.193917
1.203204
1.213547
1.224434
1.235150
1.244831
1.25256
1.257486
1.258938
1.256498
1.250026
1.239633
1.225624
1.208429
1.188542
1.166474
1.142716
1.117723
1.091904
1.065615
1.039163
1.012807
0.986762
0.9612039
0.936269
0.9120581
0.8886363
0.8660325
0.8442389
0.8232097
0.802862
0.7830801
0.7637228
0.744637
0.7256756
0.7067176
0.6876879
0.6685714
0.6494184
0.6303418
0.6115049
0.5931079
0.5753735
0.5585392
0.542854
0.5285811
0.5160038
0.5054329
0.4972127
0.4917224
0.4893694
0.4905716
0.4957236
0.5051489
0.5190417
0.5374095
0.5600332
0.5864596
0.6160339
0.6479646
0.6814055
0.7155337
0.7496076
0.7830014
0.8152144
0.845864
0.8746684
0.9014264
0.9259977
0.9482878
0.9682377
0.9858186
1.001031
1.013904
1.024498
1.032902
1.039238
1.043651
1.046313
1.047418
1.047183
1.045846
1.043666
1.040929
1.037944
1.035048
1.032598
1.030971
1.030548
1.031696
1.034746
1.039963
1.047517
1.057445
1.069625
1.083746
1.099284
1.115511
1.13153
1.146361
1.159059
1.168839
1.175174
1.177836
1.176880
1.172588
1.165395
1.155816
1.144395
1.13166
1.118100
1.104155
1.090206
1.076576
1.063531
1.05128
1.039973
1.029700
1.020493
1.012316
1.005068
0.9985797
0.992615
0.9868745
0.9810044
0.9746112
0.967283
0.9586204
0.9482749
0.9359945
0.9216655
0.9053394
0.8872361
0.8677157
0.8472324
0.8262811
0.8053538
0.7849108
0.7653679
0.7470938
0.7304125
0.7156061
0.7029155
0.6925385
0.6846235
0.6792631
0.6764866
0.6762556
0.6784632
0.68294
0.689464
0.6977766
0.7076008
0.7186602
0.7306975
0.7434909
0.7568677
0.7707159
0.7849901
0.7997155
0.814984
0.8309433
0.847774
0.865654
0.8847118
0.9049736
0.9263227
0.9484849
0.9710517
0.993537
1.015448
1.036348
1.055905
1.073902
1.090241
1.104925
1.118042
1.129741
1.140218
1.149692
1.158397
1.166563
1.174409
1.182128
1.189883
1.197800
1.205962
1.214413
1.223152
1.232142
1.241308
1.250550
1.259735
1.268707
1.277281
1.285237
1.292305
1.298154
1.302382
1.304511
1.304018
1.300394
1.29323
1.282300
1.267619
1.249432
1.228169
1.204361
1.178569
1.151327
1.123111
1.094321
1.065280
1.036238
1.007379
0.9788328
0.950684
0.922981
0.8957458
0.8689825
0.8426847
0.8168423
0.7914463
0.7664924
0.7419838
0.7179312
0.6943534
0.6712764
0.6487325
0.6267597
0.6054022
0.584711
0.5647465
0.5455814
0.5273055
0.5100301
0.4938938
0.4790677
0.4657617
0.4542303
0.4447787
0.4377669
0.433609
0.4327633
0.4357091
0.4429044
0.4547261
0.4713971
0.4929147
0.5190016
0.5490974
0.5823995
0.6179436
0.6547049
0.6916925
0.7280225
0.7629592
0.7959308
0.8265227
0.8544608
0.8795876
0.901839
0.9212227
0.9378002
0.9516715
0.9629642
0.9718252
0.9784149
0.982904
0.9854718
0.9863058
0.9856024
0.9835697
0.9804298
0.976422
0.9718074
0.9668722
0.9619318
0.9573322
0.9534484
0.9506777
0.9494268
0.9500908
0.953027
0.9585225
0.9667625
0.9777964
0.9915064
1.007580
1.025493
1.044515
1.063759
1.082270
1.099151
1.113686
1.125414
1.134157
1.139988
1.143168
1.144080
1.143168
1.140892
1.137698
1.133997
1.130158
1.126498
1.123281
1.120715
1.118950
1.118077
1.118125
1.119066
1.120809
1.123208
1.126062
1.129120
1.132082
1.134600
1.136279
1.136674
1.135309
1.131694
1.125380
1.116024
1.103472
1.087804
1.069345
1.048607
1.026211
1.002798
0.9789639
0.9552255
0.9320066
0.9096384
0.8883675
0.8683643
0.8497308
0.832508
0.816682
0.8021904
0.7889293
0.7767612
0.765524
0.7550414
0.7451343
0.7356314
0.72638
0.7172554
0.7081689
0.699073
0.6899656
0.6808928
0.671951
0.6632899
0.6551166
0.6477011
0.6413816
0.6365668
0.6337311
0.6333963
0.6360933
0.642304
0.6523861
0.6664966
0.6845373
0.706143
0.730721
0.7575326
0.7857906
0.8147466
0.8437517
0.872286
0.8999615
0.92651
0.9517609
0.9756188
0.9980419
1.019023
1.038579
1.056733
1.073517
1.088960
1.103091
1.115939
1.12753
1.137897
1.147078
1.155123
1.162097
1.168089
1.173210
1.177604
1.181453
1.184974
1.188423
1.192084
1.196258
1.201229
1.207234
1.214415
1.222768
1.232104
1.242015
1.251875
1.260883
1.268147
1.272803
1.274136
1.271664
1.265183
1.254743
1.240604
1.223161
1.202885
1.180273
1.155810
1.129948
1.103097
1.075617
1.047819
1.01997
0.9922934
0.964974
0.9381609
0.9119703
0.8864868
0.8617648
0.8378277
0.8146684
0.7922491
0.7705026
0.749337
0.7286433
0.7083084
0.6882296
0.6683324
0.6485847
0.6290055
0.6096671
0.5906891
0.572228
0.5544675
0.5376095
0.5218723
0.5074917
0.4947274
0.4838705
0.4752512
0.4692439
0.4662651
0.4667606
0.4711771
0.4799147
0.4932637
0.5113325
0.5339866
0.5608187
0.5911665
0.624177
0.658901
0.6943925
0.729789
0.7643612
0.7975323
0.8288724
0.8580801
0.8849575
0.9093857
0.9313044
0.950696
0.9675761
0.9819873
0.993997
1.003696
1.011199
1.016642
1.020180
1.021991
1.022267
1.021222
1.019084
1.016107
1.012564
1.008755
1.00501
1.001684
0.9991562
0.9978213
0.9980709
1.000271
1.004731
1.011673
1.021192
1.033228
1.04753
1.063635
1.080867
1.098367
1.115168
1.130313
1.14298
1.152582
1.158820
1.161675
1.161359
1.158245
1.152799
1.145526
1.136929
1.127480
1.117609
1.107697
1.098066
1.088985
1.080667
1.073265
1.066872
1.061521
1.057180
1.053749
1.051064
1.048892
1.046936
1.044841
1.042201
1.038571
1.033495
1.026534
1.01732
1.005607
0.991326
0.9746105
0.9557861
0.9353241
0.913775
0.8917041
0.8696448
0.848072
0.8273934
0.8079498
0.7900197
0.7738236
0.7595265
0.7472386
0.7370143
0.7288517
0.7226927
0.7184261
0.7158932
0.7148973
0.7152151
0.716611
0.7188509
0.7217182
0.7250276
0.7286382
0.7324659
0.7364932
0.7407776
0.7454576
0.750755
0.7569721
0.7644781
0.7736823
0.784987
0.7987219
0.815068
0.8339931
0.8552242
0.878271
0.9024993
0.9272277
0.9518183
0.975741
0.9986032
1.020154
1.040266
1.058916
1.076156
1.092089
1.106849
1.120586
1.133448
1.145575
1.157091
1.1681
1.178686
1.188911
1.198821
1.208447
1.217812
1.226930
1.235816
1.244487
1.252963
1.261269
1.269431
1.277467
1.285370
1.293087
1.300473
1.307261
1.313025
1.317181
1.319045
1.317929
1.313275
1.304755
1.292324
1.276186
1.256728
1.234441
1.209840
1.183421
1.155630
1.126853
1.097412
1.067572
1.037548
1.007516
0.977615
0.9479597
0.9186427
0.8897404
0.8613154
0.8334192
0.8060933
0.7793711
0.7532779
0.7278319
0.7030451
0.678924
0.655472
0.6326911
0.6105861
0.5891695
0.5684664
0.54852
0.5293959
0.5111843
0.4940013
0.4779899
0.4633221
0.450203
0.4388772
0.4296361
0.4228249
0.4188458
0.4181533
0.4212369
0.4285838
0.4406203
0.4576319
0.4796761
0.5065099
0.5375615
0.5719638
0.608646
0.6464609
0.6843077
0.7212257
0.7564441
0.7893937
0.8196909
0.8471085
0.8715423
0.8929796
0.9114735
0.9271216
0.9400517
0.950411
0.9583597
0.964067
0.9677096
0.9694711
0.9695426
0.9681237
0.9654245
0.9616679
0.9570926
0.9519575
0.9465452
0.941167
0.936165
0.9319125
0.9288094
0.9272704
0.9277051
0.93049
0.9359335
0.9442393
0.9554688
0.9695083
0.986042
1.004539
1.024268
1.044347
1.063843
1.081891
1.097802
1.111137
1.121725
1.129624
1.135071
1.138418
1.140074
1.140468
1.140014
1.1391
1.138068
1.137213
1.136776
1.136942
1.137840
1.139538
1.142049
1.145329
1.149283
1.153765
1.158588
1.163523
1.168302
1.172614
1.176101
1.178351
1.178895
1.177230
1.172855
1.165348
1.154451
1.140147
1.122687
1.102543
1.080332
1.056709
1.032301
1.007652
0.9832107
0.9593245
0.9362494
0.9141594
0.8931563
0.8732796
0.8545155
0.8368052
0.8200541
0.8041411
0.7889281
0.7742704
0.7600267
0.7460682
0.732287
0.7186018
0.7049624
0.6913521
0.6777879
0.664321
0.6510368
0.6380572
0.625543
0.6137007
0.6027889
0.5931255
0.5850926
0.579134
0.5757427
0.5754329
0.5786946
0.5859324
0.5973966
0.6131225
0.632898
0.6562713
0.6826032
0.7111452
0.7411254
0.7718186
0.802593
0.8329306
0.8624277
0.8907832
0.917781
0.9432708
0.967152
0.989359
1.009852
1.028608
1.045620
1.060893
1.074444
1.086301
1.096507
1.105123
1.112224
1.117907
1.122294
1.125531
1.127795
1.129299
1.130292
1.131061
1.131929
1.133241
1.135353
1.138605
1.143289
1.149615
1.157670
1.167381
1.178485
1.190507
1.202767
1.214420
1.224528
1.232182
1.236613
1.237289
1.233963
1.226661
1.215635
1.201292
1.184129
1.164675
1.143447
1.120931
1.097563
1.073727
1.049753
1.02592
1.002459
0.9795554
0.9573527
0.935952
0.9154117
0.8957458
0.8769215
0.8588582
0.8414282
0.8244614
0.8077562
0.791096
0.7742725
0.7571103
0.7394929
0.721381
0.702822
0.6839455
0.6649499
0.6460812
0.6276133
0.6098325
0.5930292
0.5774972
0.5635371
0.5514623
0.5416037
0.5343107
0.5299462
0.5288719
0.5314224
0.5378707
0.5483856
0.5629923
0.581544
0.6037161
0.6290255
0.6568736
0.686602
0.7175483
0.7490925
0.7806866
0.8118674
0.8422561
0.8715475
0.8994952
0.925896
0.9505772
0.973389
0.9942019
1.012911
1.029440
1.043753
1.055854
1.065791
1.073656
1.079580
1.083730
1.086303
1.087524
1.087645
1.086941
1.085714
1.084285
1.082996
1.082199
1.08225
1.083492
1.086236
1.090739
1.097177
1.105621
1.116008
1.128112
1.141527
1.155650
1.169701
1.182770
1.193908
1.202240
1.207080
1.208015
1.204935
1.198004
1.187599
1.174234
1.158486
1.140939
1.122147
1.102609
1.082763
1.062979
1.043565
1.024766
1.006771
0.9897091
0.973655
0.958624
0.9445729
0.9313982
0.9189373
0.9069726
0.8952396
0.8834411
0.8712669
0.8584192
0.8446422
0.8297522
0.8136641
0.7964069
0.7781248
0.7590628
0.7395398
0.7199178
0.7005754
0.6818883
0.6642206
0.6479234
0.6333366
0.6207918
0.6106115
0.6031042
0.5985517
0.5971916
0.599195
0.6046438
0.6135133
0.6256649
0.6408515
0.6587368
0.6789238
0.7009878
0.7245085
0.749095
0.7744034
0.8001446
0.8260842
0.8520354
0.8778456
0.9033795
0.9285001
0.953051
0.9768441
0.9996581
1.021248
1.041367
1.059792
1.076347
1.090926
1.103490
1.114077
1.122786
1.129776
1.135249
1.139449
1.142648
1.145144
1.147248
1.149279
1.151551
1.154363
1.157980
1.162622
1.168449
1.175542
1.183893
1.193390
1.203807
1.214795
1.225882
1.236481
1.245914
1.253456
1.258391
1.260082
1.258046
1.252013
1.24195
1.228058
1.210730
1.190490
1.167924
1.143625
1.118146
1.091980
1.065550
1.039200
1.013206
0.9877784
0.9630658
0.9391615
0.9161073
0.8938967
0.8724798
0.8517684
0.8316432
0.8119637
0.7925803
0.773347
0.7541363
0.7348516
0.7154381
0.6958886
0.6762455
0.6565974
0.6370732
0.6178335
0.5990633
0.5809663
0.5637631
0.5476921
0.5330144
0.5200195
0.5090321
0.5004156
0.4945706
0.491924
0.4929047
0.4979047
0.5072264
0.5210246
0.5392567
0.5616562
0.5877415
0.6168594
0.648253
0.6811349
0.714751
0.7484241
0.7815749
0.8137261
0.844495
0.8735795
0.9007446
0.9258106
0.948644
0.9691531
0.9872846
1.003023
1.016387
1.027435
1.036252
1.042957
1.047695
1.050636
1.051973
1.051921
1.050718
1.048629
1.045941
1.042972
1.040066
1.037589
1.035924
1.035454
1.036547
1.039526
1.044647
1.052068
1.061823
1.073791
1.087672
1.102966
1.118972
1.134816
1.149529
1.162152
1.171869
1.178113
1.180617
1.179414
1.174775
1.167139
1.157034
1.145018
1.131632
1.117381
1.102715
1.088025
1.073644
1.059845
1.046845
1.034801
1.023812
1.013912
1.005073
0.9971971
0.9901162
0.9835951
0.9773354
0.9709854
0.9641555
0.9564413
0.9474528
0.9368527
0.9243977
0.9099775
0.8936402
0.875594
0.8561839
0.8358482
0.8150692
0.7943308
0.7740905
0.7547653
0.7367286
0.7203122
0.7058086
0.6934714
0.6835125
0.6760953
0.6713266
0.6692476
0.6698283
0.6729652
0.6784868
0.6861638
0.6957262
0.7068824
0.7193404
0.732827
0.7471052
0.7619885
0.7773508
0.7931326
0.8093423
0.8260514
0.8433806
0.861476
0.8804735
0.900454
0.9213967
0.9431472
0.9654103
0.987779
1.009791
1.030993
1.051002
1.069534
1.086421
1.101607
1.115129
1.127102
1.137700
1.147134
1.155642
1.163467
1.170853
1.178027
1.185189
1.192506
1.200103
1.208059
1.216405
1.225127
1.234163
1.243412
1.252733
1.261953
1.270866
1.279229
1.286760
1.293128
1.297941
1.300748
1.301054
1.298364
1.292251
1.282440
1.268869
1.251710
1.231335
1.208245
1.182999
1.156151
1.128205
1.099593
1.070671
1.041718
1.012946
0.9845019
0.9564846
0.92895
0.9019216
0.8753991
0.8493675
0.8238042
0.798686
0.773994
0.7497182
0.7258586
0.7024264
0.6794438
0.6569425
0.6349631
0.6135535
0.5927695
0.5726756
0.5533471
0.5348741
0.5173659
0.5009564
0.4858104
0.4721297
0.4601599
0.4501971
0.442592
0.4377507
0.4361265
0.4381987
0.4444337
0.4552272
0.470833
0.4912898
0.5163692
0.545561
0.5781073
0.6130783
0.6494697
0.6862967
0.7226682
0.7578313
0.7911894
0.8222996
0.8508575
0.8766769
0.8996673
0.9198138
0.9371584
0.951786
0.9638126
0.9733761
0.9806308
0.9857425
0.9888868
0.9902482
0.9900202
0.9884077
0.985629
0.9819193
0.977535
0.972757
0.9678951
0.9632898
0.959311
0.9563532
0.9548221
0.9551164
0.9576013
0.9625777
0.9702503
0.9806946
0.9938256
1.009369
1.026841
1.045550
1.064630
1.083127
1.100120
1.114840
1.126769
1.135673
1.141580
1.144724
1.145475
1.144276
1.141595
1.137888
1.133582
1.129058
1.124651
1.12064
1.117249
1.114645
1.112936
1.112169
1.112330
1.113344
1.115077
1.117337
1.119881
1.122410
1.124581
1.125998
1.126223
1.124779
1.121183
1.114982
1.105826
1.09354
1.078177
1.060031
1.039591
1.017461
0.9942788
0.9706458
0.9470885
0.9240435
0.9018566
0.8807895
0.8610274
0.842687
0.8258236
0.8104355
0.7964709
0.7838334
0.7723896
0.7619777
0.7524177
0.7435221
0.735108
0.7270078
0.71908
0.7112177
0.7033565
0.6954789
0.687618
0.6798613
0.6723529
0.6652982
0.6589687
0.6537066
0.6499259
0.6481065
0.6487728
0.6524532
0.6596173
0.6705986
0.6855179
0.704233
0.7263353
0.7511987
0.7780679
0.806158
0.8347397
0.863195
0.8910405
0.9179263
0.9436206
0.9679861
0.9909565
1.012515
1.032676
1.051473
1.068946
1.085138
1.100087
1.113830
1.126398
1.137823
1.148135
1.157372
1.165579
1.172816
1.179164
1.184729
1.189647
1.194088
1.198262
1.202411
1.206805
1.211719
1.217407
1.224058
1.231747
1.240386
1.249682
1.259121
1.267984
1.275421
1.280553
1.282605
1.281004
1.275447
1.265898
1.252546
1.235744
1.215938
1.193614
1.169258
1.143329
1.116245
1.088376
1.060046
1.031532
1.00307
0.9748561
0.9470517
0.9197859
0.8931581
0.8672397
0.8420741
0.8176777
0.7940395
0.771122
0.748863
0.7271815
0.7059851
0.6851827
0.6646989
0.6444882
0.6245466
0.6049165
0.5856864
0.5669833
0.5489645
0.5318091
0.5157146
0.500897
0.4875958
0.4760810
0.4666621
0.4596949
0.4555837
0.4547743
0.4577333
0.4649083
0.4766672
0.4932242
0.5145637
0.5403894
0.5701164
0.6029193
0.637824
0.6738173
0.7099463
0.7453868
0.7794765
0.8117181
0.8417632
0.869386
0.8944562
0.9169137
0.9367496
0.9539918
0.9686967
0.9809439
0.990834
0.9984874
1.004043
1.007659
1.009508
1.009780
1.008681
1.006435
1.003281
0.999485
0.9953337
0.9911435
0.9872599
0.9840559
0.981926
0.9812726
0.9824845
0.9859087
0.991817
1.000370
1.011580
1.025282
1.041104
1.058456
1.076548
1.094451
1.111197
1.125905
1.137894
1.146755
1.152360
1.154828
1.154462
1.15168
1.146959
1.140788
1.133637
1.125941
1.118087
1.110413
1.103199
1.096670
1.090995
1.086282
1.082578
1.079869
1.078074
1.077049
1.076586
1.076413
1.0762
1.075562
1.074068
1.071251
1.066639
1.059792
1.050359
1.038142
1.023146
1.005597
0.9859082
0.9646237
0.9423375
0.9196314
0.8970335
0.8749987
0.8539047
0.8340552
0.8156864
0.7989713
0.7840242
0.770902
0.7596064
0.750086
0.7422402
0.7359246
0.7309595
0.7271407
0.724251
0.7220736
0.7204056
0.719071
0.7179325
0.7169026
0.7159527
0.7151207
0.7145176
0.7143329
0.7148374
0.716383
0.7193944
0.7243468
0.7317252
0.7419609
0.7553526
0.7719892
0.7917008
0.814061
0.8384431
0.8641163
0.8903465
0.9164796
0.9419901
0.9664977
0.9897598
1.011651
1.032135
1.051245
1.069051
1.085652
1.101154
1.115663
1.129276
1.142080
1.154147
1.165537
1.176296
1.186465
1.196078
1.205165
1.213765
1.221919
1.229683
1.237132
1.244355
1.251464
1.258580
1.265819
1.273268
1.280936
1.288712
1.296311
1.303248
1.308856
1.312361
1.312998
1.310150
1.303442
1.292779
1.278317
1.260396
1.239462
1.216004
1.190501
1.163402
1.135104
1.105955
1.076249
1.046238
1.016132
0.9861079
0.9563116
0.9268646
0.8978662
0.8693968
0.8415193
0.8142814
0.787716
0.7618425
0.7366676
0.712186
0.6883831
0.6652375
0.6427262
0.6208314
0.5995479
0.5788904
0.5588996
0.5396439
0.5212196
0.5037486
0.4873764
0.4722733
0.4586374
0.4467017
0.4367414
0.4290835
0.4241115
0.4222662
0.4240327
0.4299107
0.4403618
0.4557329
0.4761654
0.5015129
0.5312949
0.5647135
0.6007347
0.6382133
0.6760244
0.7131671
0.7488254
0.7823864
0.8134283
0.8416914
0.8670444
0.8894517
0.908946
0.925607
0.9395454
0.9508934
0.9597978
0.9664165
0.9709168
0.973475
0.9742766
0.9735158
0.971398
0.9681407
0.9639765
0.9591566
0.953955
0.9486728
0.9436418
0.9392258
0.9358181
0.933832
0.933683
0.9357632
0.9404065
0.9478511
0.9582018
0.9713945
0.9871676
1.005045
1.024341
1.044204
1.063700
1.081928
1.098139
1.111820
1.122723
1.130847
1.136386
1.139669
1.141097
1.141104
1.140116
1.138537
1.136731
1.135013
1.133647
1.132844
1.132756
1.133476
1.135040
1.137428
1.140561
1.144312
1.148502
1.152910
1.157271
1.161274
1.164563
1.166727
1.167306
1.165798
1.161702
1.154584
1.144159
1.130368
1.113415
1.093736
1.071922
1.048625
1.024478
1.000041
0.9757818
0.952071
0.929186
0.907321
0.8865977
0.8670728
0.8487472
0.8315739
0.8154655
0.8003036
0.7859479
0.772246
0.7590444
0.7461976
0.733578
0.721083
0.7086409
0.6962154
0.6838066
0.6714526
0.65923
0.6472559
0.6356906
0.6247429
0.614677
0.605819
0.5985609
0.5933577
0.5907136
0.5911507
0.5951606
0.6031388
0.6153137
0.6316861
0.6520015
0.6757663
0.7023077
0.7308592
0.7606475
0.7909623
0.8211982
0.850871
0.8796137
0.9071626
0.9333364
0.9580172
0.9811324
1.002641
1.022522
1.040768
1.057383
1.072377
1.085767
1.097582
1.107859
1.116649
1.124021
1.130063
1.134883
1.138621
1.141446
1.143561
1.14521
1.146675
1.148270
1.150335
1.153213
1.157226
1.162637
1.169613
1.178180
1.188190
1.199287
1.210902
1.222272
1.232500
1.240661
1.245913
1.247613
1.245383
1.239123
1.228985
1.215303
1.198531
1.179179
1.157765
1.134786
1.110696
1.085901
1.060752
1.035553
1.010555
0.9859678
0.9619566
0.9386482
0.9161298
0.8944493
0.8736134
0.8535864
0.8342895
0.8156025
0.7973704
0.779414
0.7615479
0.7436019
0.7254445
0.7070035
0.68828
0.6693507
0.6503611
0.63151
0.6130313
0.5951792
0.5782181
0.5624199
0.5480665
0.5354557
0.5249077
0.5167689
0.5114117
0.5092247
0.5105921
0.5158601
0.525292
0.5390178
0.5569895
0.5789555
0.6044648
0.6329025
0.6635497
0.695652
0.7284824
0.761387
0.7938098
0.8252987
0.8554982
0.8841339
0.910995
0.9359183
0.9587766
0.9794715
0.9979324
1.014118
1.02802
1.039666
1.049122
1.056488
1.061899
1.065520
1.067544
1.068188
1.067694
1.066327
1.064376
1.062155
1.060002
1.058272
1.057332
1.057549
1.059268
1.062792
1.068356
1.076094
1.086013
1.097962
1.111604
1.126399
1.141608
1.156334
1.169605
1.180489
1.188216
1.192278
1.192468
1.188866
1.181785
1.171687
1.159120
1.144651
1.128828
1.112156
1.095082
1.077993
1.061214
1.045008
1.029584
1.015091
1.001619
0.9892012
0.9778064
0.9673402
0.957643
0.9484924
0.939608
0.9306632
0.921302
0.9111628
0.8999103
0.887271
0.8730698
0.8572601
0.8399373
0.8213318
0.8017815
0.7816928
0.7615006
0.7416369
0.7225124
0.7045092
0.6879803
0.6732526
0.6606281
0.6503821
0.6427569
0.6379506
0.6361035
0.6372839
0.6414768
0.6485796
0.6584059
0.6706981
0.6851483
0.7014214
0.7191809
0.7381108
0.7579333
0.778421
0.7994034
0.8207668
0.842449
0.864426
0.886692
0.9092327
0.9319945
0.9548565
0.9776146
0.999985
1.021630
1.042201
1.061381
1.078923
1.09467
1.10856
1.120618
1.130947
1.139710
1.147119
1.153424
1.158893
1.163811
1.168461
1.173117
1.178027
1.183409
1.189430
1.196207
1.203791
1.212164
1.221234
1.230833
1.240718
1.250571
1.260003
1.268564
1.275751
1.281025
1.283837
1.283666
1.280069
1.272742
1.261573
1.246661
1.228311
1.206985
1.183232
1.157629
1.130724
1.103011
1.074909
1.046760
1.018832
0.9913244
0.9643765
0.9380724
0.9124495
0.8875055
0.8632055
0.8394907
0.8162868
0.7935136
0.7710941
0.748963
0.7270736
0.7054024
0.6839519
0.6627503
0.64185
0.6213246
0.6012655
0.58178
0.5629903
0.5450342
0.5280686
0.5122741
0.4978621
0.4850815
0.4742265
0.4656425
0.4597266
0.4569213
0.4576946
0.4625033
0.4717385
0.4856578
0.5043176
0.5275237
0.5548198
0.58552
0.618779
0.6536814
0.6893251
0.7248856
0.7596543
0.7930522
0.824628
0.8540461
0.8810708
0.9055504
0.9274029
0.9466036
0.9631746
0.9771764
0.9887006
0.997864
1.004805
1.009677
1.012651
1.013912
1.013656
1.012100
1.009474
1.006032
1.002052
0.99784
0.9937328
0.990095
0.987315
0.9857936
0.9859245
0.9880705
0.9925343
0.9995276
1.009140
1.021310
1.035796
1.052152
1.069722
1.087666
1.105027
1.120843
1.134277
1.144724
1.151871
1.155695
1.156405
1.154377
1.150081
1.144020
1.136695
1.128573
1.120080
1.111589
1.103417
1.095827
1.089024
1.083155
1.078306
1.074500
1.071694
1.069779
1.068580
1.067855
1.067303
1.066565
1.065232
1.062859
1.058980
1.053142
1.044952
1.034130
1.020569
1.004371
0.985844
0.965459
0.9437827
0.9214067
0.8988922
0.8767385
0.8553703
0.8351374
0.8163188
0.7991287
0.7837203
0.7701881
0.7585697
0.7488464
0.7409459
0.7347462
0.7300824
0.7267565
0.7245486
0.7232304
0.7225789
0.722391
0.7224967
0.7227713
0.7231458
0.7236166
0.7242514
0.725196
0.7266773
0.7290035
0.732559
0.7377872
0.7451574
0.7551095
0.7679807
0.7839258
0.8028571
0.8244283
0.8480748
0.8730996
0.8987763
0.9244388
0.9495401
0.973677
0.9965875
1.018133
1.038272
1.057036
1.074501
1.090773
1.105970
1.120208
1.133597
1.146232
1.158194
1.16955
1.18035
1.190635
1.200437
1.209786
1.218711
1.227246
1.235433
1.243327
1.250997
1.258525
1.266002
1.273509
1.281096
1.288740
1.296300
1.303470
1.309755
1.314491
1.316922
1.316326
1.312141
1.304058
1.292047
1.276318
1.257251
1.235313
1.211001
1.184792
1.157121
1.128373
1.098875
1.068905
1.038698
1.008446
0.9783125
0.9484307
0.9189115
0.889846
0.8613082
0.8333566
0.806036
0.7793787
0.7534053
0.7281257
0.7035398
0.6796399
0.6564129
0.6338449
0.611927
0.5906617
0.5700694
0.5501943
0.5311063
0.5129018
0.4957027
0.4796555
0.4649332
0.4517395
0.4403158
0.4309494
0.4239816
0.4198121
0.4188966
0.4217303
0.4288127
0.440588
0.4573631
0.4792153
0.5059148
0.5368921
0.5712708
0.6079646
0.6458087
0.6836891
0.7206384
0.7558853
0.7888644
0.8191978
0.846664
0.8711632
0.8926849
0.911282
0.9270499
0.9401129
0.9506135
0.9587072
0.9645591
0.9683424
0.970238
0.970435
0.9691317
0.9665363
0.9628702
0.9583704
0.9532933
0.9479194
0.9425576
0.937548
0.9332632
0.9301036
0.9284864
0.928826
0.9315046
0.9368376
0.9450345
0.9561617
0.970109
0.9865627
1.004994
1.024672
1.044717
1.064196
1.082242
1.098162
1.111511
1.122109
1.130007
1.135437
1.138744
1.140337
1.140643
1.14008
1.139035
1.137855
1.136837
1.136227
1.136214
1.136929
1.138447
1.140784
1.143901
1.147705
1.152054
1.156763
1.161602
1.166303
1.170555
1.173997
1.176214
1.176738
1.175064
1.170691
1.163195
1.152318
1.138043
1.120616
1.100510
1.078335
1.054749
1.030377
1.005763
0.9813583
0.9575121
0.9344832
0.912448
0.8915109
0.8717142
0.8530463
0.83545
0.8188319
0.803071
0.7880288
0.773559
0.7595179
0.7457736
0.7322145
0.7187554
0.7053424
0.6919551
0.6786078
0.6653498
0.6522655
0.6394766
0.627145
0.6154788
0.6047391
0.5952471
0.5873884
0.5816104
0.5784091
0.5783003
0.5817734
0.589229
0.6009098
0.6168405
0.636796
0.6603128
0.6867419
0.7153298
0.7453038
0.7759423
0.8066199
0.8368267
0.866168
0.8943514
0.921169
0.9464778
0.9701836
0.9922263
1.012570
1.031196
1.048100
1.063286
1.076773
1.088589
1.098776
1.107393
1.114514
1.120236
1.124677
1.127984
1.130332
1.131933
1.133037
1.133931
1.134935
1.136395
1.138666
1.142084
1.146934
1.153416
1.161606
1.171413
1.182552
1.19453
1.206645
1.218037
1.227770
1.234944
1.238816
1.238888
1.234945
1.227043
1.215453
1.200596
1.182972
1.163109
1.141520
1.118684
1.095032
1.070940
1.046731
1.022680
0.999012
0.9759081
0.9535078
0.9319087
0.9111663
0.8912925
0.8722529
0.8539661
0.8363048
0.8191007
0.8021557
0.785259
0.7682092
0.7508405
0.7330461
0.7147964
0.6961466
0.6772315
0.658251
0.6394501
0.6210993
0.6034807
0.5868809
0.571591
0.5579107
0.5461544
0.5366557
0.5297683
0.5258597
0.5252955
0.5284124
0.5354811
0.5466623
0.5619668
0.581227
0.6040935
0.6300572
0.6584957
0.6887314
0.7200889
0.7519411
0.7837379
0.8150179
0.8454061
0.8746027
0.902367
0.9285028
0.9528448
0.975252
0.9956062
1.013814
1.029815
1.043584
1.055139
1.064542
1.071893
1.077332
1.081033
1.083196
1.084051
1.083853
1.082882
1.081440
1.079852
1.078463
1.077629
1.077707
1.079041
1.081940
1.086655
1.093356
1.102099
1.112804
1.125222
1.138918
1.15326
1.167441
1.180533
1.191583
1.199735
1.204337
1.205021
1.201721
1.194636
1.184169
1.170845
1.155242
1.137940
1.11948
1.100352
1.080982
1.061731
1.042895
1.024713
1.007364
0.9909706
0.9755971
0.9612503
0.9478765
0.935361
0.923529
0.9121501
0.9009475
0.889612
0.8778237
0.8652774
0.8517145
0.8369537
0.820918
0.8036497
0.7853106
0.7661642
0.746547
0.7268361
0.707421
0.6886852
0.6709973
0.6547099
0.6401621
0.6276812
0.6175827
0.6101633
0.6056896
0.6043799
0.6063835
0.6117604
0.6204667
0.63235
0.6471571
0.6645544
0.6841554
0.7055527
0.7283472
0.7521718
0.7767069
0.8016875
0.826903
0.8521892
0.8774153
0.9024661
0.9272219
0.9515383
0.975233
0.9980817
1.019829
1.040210
1.058982
1.075947
1.090978
1.104023
1.115105
1.124315
1.131807
1.137778
1.142470
1.146154
1.149122
1.151684
1.154153
1.156836
1.160021
1.163965
1.168875
1.1749
1.182111
1.190492
1.199931
1.210202
1.220971
1.231783
1.242083
1.251226
1.258521
1.263280
1.26488
1.262835
1.256848
1.246856
1.233020
1.215705
1.195413
1.172720
1.148218
1.122466
1.095963
1.069138
1.042344
1.015862
0.9899071
0.9646316
0.9401325
0.9164549
0.8935972
0.8715154
0.850129
0.8293287
0.808986
0.7889646
0.769133
0.7493775
0.7296132
0.7097939
0.6899165
0.6700227
0.6501953
0.6305532
0.611244
0.592438
0.5743238
0.5571073
0.5410133
0.5262907
0.5132184
0.5021128
0.4933318
0.4872746
0.4843722
0.4850651
0.4897654
0.4988038
0.5123689
0.5304519
0.5528136
0.578987
0.6083171
0.6400297
0.6733084
0.7073638
0.7414825
0.7750523
0.8075692
0.8386305
0.8679222
0.8952046
0.9202995
0.9430807
0.9634674
0.9814196
0.9969357
1.010050
1.020828
1.029369
1.035797
1.040261
1.042933
1.044007
1.043695
1.042233
1.039882
1.036927
1.033680
1.030483
1.027701
1.025718
1.024924
1.025692
1.028361
1.033202
1.040391
1.049982
1.061878
1.075801
1.091275
1.107617
1.123968
1.139359
1.152825
1.163532
1.170885
1.174590
1.174650
1.171312
1.164997
1.156216
1.145517
1.133437
1.120475
1.10708
1.093646
1.080507
1.067939
1.056162
1.045336
1.035562
1.026878
1.019256
1.012601
1.006745
1.001455
0.9964296
0.9913138
0.9857096
0.979197
0.9713627
0.9618374
0.950339
0.9367168
0.920984
0.903327
0.8840844
0.8637044
0.8426897
0.8215494
0.8007645
0.780771
0.7619539
0.7446493
0.7291466
0.7156911
0.7044816
0.6956672
0.6893405
0.6855319
0.6842051
0.6852568
0.6885218
0.6937829
0.7007857
0.7092562
0.7189193
0.7295179
0.7408288
0.752678
0.7649514
0.7776045
0.7906656
0.804236
0.8184811
0.8336129
0.8498572
0.867409
0.8863773
0.9067327
0.9282769
0.950647
0.9733618
0.9958929
1.01774
1.038489
1.057842
1.075628
1.091789
1.106363
1.119464
1.131257
1.141944
1.151744
1.160877
1.169556
1.177974
1.186293
1.194643
1.203117
1.211768
1.220610
1.229625
1.238764
1.247955
1.257103
1.266094
1.274795
1.283047
1.290652
1.297360
1.302847
1.306702
1.308434
1.307501
1.303384
1.295679
1.284187
1.268956
1.250267
1.228568
1.204398
1.178313
1.150832
1.122411
1.093433
1.064201
1.034951
1.005856
0.9770397
0.9485826
0.9205355
0.8929264
0.8657688
0.8390687
0.8128291
0.7870547
0.7617536
0.7369386
0.7126277
0.6888433
0.6656117
0.642963
0.6209309
0.5995536
0.5788761
0.558953
0.5398524
0.5216608
0.5044877
0.4884709
0.4737817
0.4606305
0.4492724
0.4400135
0.4332148
0.4292919
0.4287049
0.4319358
0.4394454
0.4516136
0.468664
0.4905915
0.5171099
0.5476429
0.5813649
0.6172847
0.6543508
0.691551
0.7279882
0.762923
0.7957886
0.8261821
0.8538448
0.8786367
0.900511
0.9194913
0.9356522
0.949105
0.9599858
0.9684479
0.9746565
0.9787856
0.9810165
0.9815386
0.9805494
0.978258
0.974887
0.970677
0.9658894
0.9608113
0.955759
0.9510793
0.9471485
0.9443656
0.9431387
0.9438645
0.9469012
0.9525359
0.9609512
0.9721918
0.9861322
1.002449
1.020607
1.039867
1.059336
1.078065
1.095172
1.109959
1.121986
1.131093
1.137360
1.141051
1.142545
1.142279
1.140704
1.138257
1.135339
1.132308
1.129474
1.127091
1.125357
1.124412
1.124339
1.125160
1.126836
1.129273
1.132322
1.135782
1.139404
1.142894
1.145910
1.148064
1.148918
1.147992
1.144793
1.138858
1.129833
1.117543
1.102060
1.083701
1.062981
1.040523
1.016975
0.9929383
0.9689326
0.9453829
0.9226194
0.9008859
0.8803482
0.8611036
0.8431881
0.8265837
0.8112254
0.7970087
0.7837983
0.7714369
0.7597563
0.7485875
0.7377719
0.7271706
0.7166733
0.7062045
0.6957285
0.6852516
0.6748244
0.6645432
0.6545525
0.6450495
0.636289
0.6285904
0.6223414
0.6179965
0.6160637
0.617074
0.621531
0.6298421
0.6422426
0.6587328
0.6790483
0.7026802
0.7289401
0.7570513
0.7862404
0.8158084
0.8451713
0.873874
0.9015843
0.9280747
0.9532011
0.9768813
0.9990759
1.019773
1.038979
1.056707
1.072976
1.087805
1.101216
1.113236
1.123896
1.133235
1.141305
1.148178
1.153943
1.158716
1.162645
1.165911
1.168737
1.171380
1.174136
1.177320
1.181251
1.186216
1.192437
1.200021
1.208917
1.218875
1.229429
1.239903
1.249457
1.257181
1.262213
1.263852
1.261643
1.255409
1.245227
1.231376
1.214268
1.194389
1.172243
1.148322
1.123084
1.096940
1.070252
1.043332
1.016444
0.9898105
0.9636111
0.93799
0.9130554
0.8888816
0.8655086
0.8429418
0.8211512
0.8000715
0.7796051
0.7596285
0.7400034
0.7205922
0.7012772
0.6819796
0.6626738
0.6433954
0.6242397
0.6053527
0.5869182
0.5691446
0.5522571
0.5364938
0.5221079
0.5093741
0.4985953
0.49011
0.4842949
0.4815606
0.4823357
0.487036
0.4960169
0.5095134
0.527577
0.5500275
0.5764366
0.606154
0.6383708
0.6722065
0.7067936
0.7413452
0.7751945
0.8078092
0.838785
0.867829
0.8947374
0.9193743
0.9416548
0.9615324
0.9789921
0.9940474
1.006739
1.017137
1.025338
1.031466
1.035670
1.038121
1.039013
1.038559
1.036994
1.034573
1.031578
1.028312
1.025109
1.022326
1.020339
1.019535
1.020291
1.022952
1.027804
1.035039
1.044723
1.056762
1.070874
1.086568
1.103139
1.119710
1.135305
1.148967
1.159888
1.167506
1.171553
1.172047
1.169237
1.163532
1.155429
1.145460
1.134146
1.121973
1.109381
1.096755
1.084422
1.072652
1.061658
1.051597
1.042563
1.034592
1.027652
1.021648
1.016413
1.011714
1.007254
1.002677
0.9975846
0.9915492
0.984147
0.9749935
0.9637915
0.9503784
0.934762
0.9171318
0.8978367
0.877338
0.8561509
0.8347938
0.813753
0.793465
0.7743122
0.7566245
0.7406828
0.7267213
0.7149267
0.7054355
0.6983286
0.6936269
0.6912882
0.6912082
0.6932249
0.697129
0.7026778
0.7096105
0.7176667
0.726603
0.7362094
0.746323
0.7568403
0.7677264
0.779021
0.79084
0.8033697
0.8168517
0.8315535
0.8477234
0.865533
0.8850172
0.9060305
0.9282417
0.9511707
0.9742608
0.9969603
1.018791
1.039390
1.058523
1.076078
1.092051
1.106519
1.119619
1.131530
1.142452
1.152593
1.162154
1.171320
1.180251
1.189079
1.197899
1.206776
1.21574
1.224793
1.233912
1.243054
1.252161
1.261160
1.269968
1.278479
1.286563
1.294041
1.300672
1.306122
1.309955
1.311641
1.310599
1.306288
1.298312
1.286501
1.270947
1.251967
1.230032
1.205686
1.179475
1.151903
1.123407
1.094349
1.065018
1.035636
1.006369
0.9773382
0.948626
0.9202891
0.892365
0.8648786
0.8378485
0.8112902
0.7852192
0.759652
0.734607
0.7101048
0.6861672
0.6628176
0.6400811
0.6179855
0.5965629
0.5758528
0.5559055
0.5367867
0.518582
0.5014016
0.4853842
0.4707019
0.4575646
0.4462256
0.4369882
0.4302096
0.4263013
0.4257204
0.4289476
0.4364467
0.4486046
0.4656569
0.4876124
0.5141975
0.5448416
0.5787148
0.6148122
0.6520622
0.6894311
0.7260035
0.7610286
0.7939346
0.8243201
0.8519317
0.8766373
0.8983984
0.9172464
0.933263
0.9465646
0.9572916
0.9656002
0.9716575
0.9756387
0.9777265
0.9781107
0.97699
0.974574
0.9710859
0.966766
0.9618758
0.9567018
0.9515592
0.9467938
0.9427809
0.9399189
0.9386166
0.9392728
0.942249
0.947837
0.9562249
0.9674622
0.9814279
0.997803
1.016054
1.035446
1.055091
1.074041
1.091420
1.106531
1.118933
1.128463
1.135195
1.139385
1.141406
1.141688
1.140675
1.138799
1.136456
1.134001
1.131740
1.129921
1.128741
1.128336
1.128785
1.130104
1.132256
1.135144
1.138619
1.142485
1.146497
1.150368
1.153765
1.156308
1.157565
1.15706
1.154296
1.148799
1.140193
1.128283
1.113114
1.094988
1.074407
1.051997
1.028406
1.004245
0.9800412
0.9562248
0.9331312
0.9110068
0.8900192
0.870266
0.8517835
0.834554
0.8185135
0.8035598
0.7895606
0.776364
0.7638077
0.7517306
0.7399825
0.7284335
0.7169817
0.7055595
0.6941368
0.6827236
0.6713709
0.6601721
0.6492651
0.6388364
0.6291267
0.6204376
0.6131369
0.6076594
0.6044976
0.6041767
0.6072115
0.6140433
0.6249672
0.6400633
0.659156
0.681816
0.7074107
0.7351869
0.764363
0.7942063
0.8240849
0.8534896
0.8820349
0.909445
0.935534
0.960185
0.9833302
1.004936
1.024989
1.043491
1.06045
1.075878
1.089794
1.102221
1.113189
1.122740
1.130926
1.137821
1.143516
1.148128
1.151805
1.154728
1.157115
1.159226
1.161354
1.163821
1.166962
1.171093
1.176482
1.183305
1.191604
1.201244
1.211883
1.222963
1.233729
1.243296
1.250746
1.255253
1.256186
1.253179
1.246142
1.235229
1.220774
1.203227
1.183090
1.160875
1.137069
1.112122
1.086434
1.060352
1.034175
1.008155
0.9824983
0.9573722
0.9329058
0.9091912
0.8862842
0.8642031
0.842928
0.8223999
0.802522
0.783165
0.7641763
0.745395
0.7266717
0.7078887
0.6889802
0.6699447
0.6508488
0.6318213
0.61304
0.5947169
0.5770846
0.5603881
0.5448838
0.5308417
0.5185524
0.5083338
0.5005366
0.4955437
0.4937617
0.4955998
0.5014342
0.5115586
0.5261266
0.5450996
0.5682139
0.5949825
0.6247336
0.6566786
0.6899911
0.7238793
0.7576378
0.7906754
0.8225207
0.8528134
0.8812866
0.9077467
0.9320558
0.9541177
0.9738693
0.9912773
1.006337
1.019076
1.029550
1.037851
1.044099
1.048442
1.051053
1.052132
1.051897
1.050592
1.048480
1.045853
1.043025
1.040335
1.038146
1.036833
1.036773
1.038325
1.041805
1.047457
1.055425
1.065717
1.078176
1.092452
1.107983
1.124007
1.139608
1.153803
1.165665
1.17445
1.179680
1.181180
1.179052
1.173615
1.165328
1.154721
1.142345
1.128726
1.11435
1.099650
1.084998
1.070711
1.057043
1.044196
1.032309
1.021465
1.011685
1.002924
0.9950726
0.9879523
0.9813187
0.9748668
0.9682405
0.9610493
0.9528916
0.9433873
0.9322178
0.9191687
0.9041677
0.8873054
0.8688296
0.8491147
0.8286143
0.8078119
0.7871824
0.7671684
0.7481707
0.7305472
0.7146157
0.7006563
0.6889109
0.6795793
0.6728124
0.6687031
0.6672783
0.6684934
0.6722323
0.6783133
0.686501
0.6965234
0.7080917
0.7209202
0.7347455
0.7493427
0.7645382
0.7802193
0.7963392
0.812917
0.830031
0.8478032
0.866372
0.8858542
0.9062991
0.9276444
0.9496905
0.9721045
0.994458
1.016288
1.037163
1.056729
1.074741
1.091069
1.105687
1.11866
1.130122
1.140260
1.149293
1.157465
1.165021
1.172201
1.179228
1.186297
1.193567
1.201153
1.209126
1.217508
1.226275
1.235357
1.244641
1.253977
1.263181
1.272032
1.280272
1.287597
1.293651
1.298017
1.300221
1.299759
1.296145
1.288990
1.278081
1.263434
1.245289
1.224070
1.200306
1.174562
1.147380
1.119244
1.090565
1.061675
1.032832
1.004227
0.975992
0.9482112
0.9209292
0.8941604
0.8678979
0.8421215
0.8168054
0.7919248
0.7674604
0.7434025
0.7197525
0.6965232
0.6737391
0.6514343
0.6296519
0.6084434
0.5878683
0.5679959
0.5489074
0.5307001
0.5134922
0.4974281
0.4826845
0.4694773
0.458068
0.4487693
0.4419495
0.4380299
0.4374737
0.4407591
0.4483352
0.4605588
0.4776217
0.4994828
0.5258258
0.5560611
0.5893731
0.6248049
0.6613555
0.6980688
0.7340975
0.7687387
0.8014447
0.8318161
0.8595851
0.884594
0.9067743
0.9261268
0.9427049
0.9566014
0.9679374
0.9768546
0.9835098
0.988071
0.9907158
0.9916313
0.991014
0.9890726
0.9860307
0.9821299
0.9776339
0.9728327
0.9680454
0.9636221
0.959941
0.957401
0.9564074
0.9573507
0.9605783
0.9663641
0.9748756
0.9861417
1.000022
1.016179
1.034065
1.052929
1.071865
1.089917
1.106193
1.119993
1.130884
1.138715
1.143584
1.145777
1.145693
1.143791
1.140540
1.136392
1.131762
1.127020
1.122485
1.118421
1.115038
1.112485
1.110854
1.110173
1.110412
1.111478
1.113219
1.115426
1.117837
1.120138
1.121968
1.122916
1.122528
1.120324
1.115825
1.108608
1.098374
1.085021
1.068683
1.049724
1.028679
1.006169
0.9828246
0.9592244
0.935866
0.9131566
0.8914146
0.8708773
0.8517089
0.8340073
0.8178107
0.8031024
0.7898164
0.7778441
0.7670418
0.7572395
0.7482518
0.7398887
0.7319679
0.7243254
0.7168262
0.7093728
0.7019121
0.6944401
0.6870057
0.6797139
0.6727293
0.6662806
0.6606652
0.6562528
0.6534845
0.6528608
0.6549132
0.6601541
0.6690063
0.6817228
0.6983181
0.7185349
0.7418636
0.767611
0.7949977
0.8232552
0.851699
0.8797709
0.9070503
0.9332456
0.9581738
0.9817365
1.003897
1.024659
1.044051
1.062115
1.078898
1.094444
1.108793
1.121983
1.134045
1.145011
1.154913
1.163791
1.171693
1.178686
1.184855
1.190316
1.195213
1.199728
1.204079
1.208516
1.213305
1.218709
1.224948
1.232155
1.240324
1.249264
1.258565
1.267600
1.275570
1.281599
1.284856
1.284674
1.280633
1.272587
1.260640
1.245083
1.226331
1.204857
1.181150
1.155679
1.128879
1.101137
1.072796
1.044149
1.015448
0.986903
0.9586901
0.9309512
0.9037986
0.8773163
0.8515615
0.8265651
0.8023315
0.7788393
0.7560424
0.7338736
0.7122504
0.6910858
0.6703
0.6498361
0.6296712
0.609826
0.5903663
0.571399
0.5530645
0.5355285
0.5189763
0.5036118
0.48966
0.4773744
0.4670446
0.4590048
0.4536387
0.4513777
0.4526863
0.4580319
0.4678325
0.4823859
0.5017905
0.5258786
0.554185
0.585971
0.6203008
0.6561489
0.6925106
0.7284873
0.763336
0.7964844
0.8275214
0.8561737
0.882277
0.9057494
0.9265684
0.9447546
0.9603597
0.97346
0.9841532
0.9925559
0.998803
1.003047
1.005456
1.006214
1.005520
1.003591
1.000658
0.9969758
0.99282
0.988494
0.9843303
0.980691
0.977963
0.9765495
0.9768503
0.9792374
0.9840229
0.9914226
1.001521
1.014235
1.029286
1.046181
1.064212
1.082504
1.100092
1.116046
1.129589
1.140191
1.147605
1.151847
1.153146
1.151871
1.148477
1.143444
1.13725
1.130341
1.123122
1.115949
1.109125
1.102895
1.097450
1.092921
1.089379
1.086833
1.085229
1.08445
1.084313
1.084575
1.084932
1.085026
1.084444
1.082734
1.07942
1.074033
1.066163
1.055523
1.042008
1.025734
1.007033
0.9864018
0.9644267
0.9417095
0.9188139
0.896235
0.8743889
0.8536126
0.8341707
0.8162608
0.8000182
0.78552
0.772787
0.7617864
0.7524356
0.7446069
0.7381357
0.7328295
0.7284796
0.724873
0.7218063
0.7190975
0.7165985
0.714206
0.7118701
0.7096027
0.7074833
0.705665
0.7043789
0.7039365
0.7047281
0.7072113
0.7118842
0.7192387
0.7296904
0.7434976
0.7606888
0.7810249
0.8040159
0.8289901
0.855194
0.8818921
0.9084425
0.9343378
0.9592153
0.982846
1.005112
1.025981
1.045480
1.063674
1.080651
1.096505
1.111329
1.125211
1.138223
1.150432
1.161888
1.172635
1.182709
1.192145
1.200978
1.209249
1.217013
1.224338
1.231316
1.238061
1.244709
1.251414
1.258325
1.265561
1.273167
1.281060
1.288980
1.296463
1.302848
1.307349
1.309167
1.307632
1.302298
1.293001
1.279834
1.263091
1.243190
1.220609
1.195830
1.169310
1.141463
1.112656
1.083204
1.053376
1.023401
0.99347
0.9637441
0.9343558
0.9054138
0.8770057
0.8491998
0.822047
0.7955812
0.7698211
0.7447699
0.7204171
0.6967407
0.6737102
0.6512929
0.629461
0.6082004
0.5875191
0.5674528
0.5480676
0.5294592
0.5117492
0.4950829
0.4796286
0.4655803
0.4531639
0.4426449
0.4343375
0.4286112
0.4258927
0.4266573
0.4314034
0.4406059
0.4546451
0.4737182
0.4977536
0.5263542
0.5587983
0.5941067
0.6311592
0.6688267
0.7060816
0.7420687
0.7761318
0.8078076
0.8368
0.8629472
0.8861889
0.9065377
0.9240568
0.9388437
0.9510192
0.9607207
0.9680981
0.9733124
0.9765344
0.977945
0.9777346
0.9761048
0.9732693
0.9694565
0.9649125
0.9599054
0.9547291
0.9497076
0.9451968
0.9415827
0.9392743
0.9386879
0.9402226
0.9442284
0.9509687
0.9605822
0.9730472
0.9881501
1.005465
1.024353
1.043993
1.063456
1.081820
1.098285
1.112272
1.123469
1.131820
1.137480
1.140755
1.142038
1.141765
1.140373
1.138277
1.135858
1.133449
1.131334
1.129740
1.128839
1.128747
1.129516
1.131145
1.133573
1.136685
1.140314
1.144245
1.148218
1.151926
1.155014
1.157077
1.157657
1.156259
1.152384
1.145587
1.135561
1.122212
1.105703
1.086435
1.064976
1.041969
1.018051
0.9937963
0.9696893
0.9461179
0.9233779
0.9016816
0.881167
0.8619062
0.8439138
0.8271533
0.8115454
0.7969758
0.7833044
0.7703748
0.7580247
0.7460968
0.7344482
0.7229592
0.7115404
0.7001379
0.6887367
0.6773622
0.6660816
0.6550058
0.6442926
0.6341508
0.6248474
0.616713
0.6101459
0.6056089
0.6036133
0.6046862
0.6093194
0.6179
0.630638
0.647507
0.6682197
0.6922515
0.7189063
0.7474069
0.7769828
0.8069382
0.8366909
0.8657842
0.8938811
0.9207466
0.9462269
0.9702288
0.9927018
1.013623
1.032988
1.050802
1.067076
1.081827
1.095075
1.106846
1.117176
1.126111
1.133712
1.140059
1.145255
1.149428
1.152740
1.155389
1.15761
1.159678
1.161902
1.16461
1.168134
1.172774
1.178764
1.186229
1.195140
1.205275
1.2162
1.227266
1.237653
1.246444
1.252747
1.255808
1.255103
1.250389
1.241686
1.229235
1.213427
1.194742
1.173689
1.150773
1.126467
1.101198
1.075343
1.049229
1.023133
0.9972863
0.9718795
0.9470627
0.922949
0.8996149
0.8771003
0.855407
0.8344981
0.8142976
0.7946937
0.7755448
0.7566921
0.7379765
0.7192589
0.7004416
0.6814849
0.6624168
0.6433321
0.6243832
0.6057651
0.5877009
0.5704296
0.5542018
0.5392793
0.5259401
0.5144859
0.5052477
0.4985897
0.4949059
0.4946062
0.4980897
0.5057028
0.5176853
0.534114
0.554857
0.5795544
0.607636
0.6383737
0.6709561
0.7045663
0.7384464
0.771939
0.8045048
0.8357217
0.865271
0.8929188
0.9184962
0.9418833
0.9629975
0.9817874
0.9982307
1.012335
1.024138
1.033712
1.041158
1.04661
1.050226
1.052191
1.052712
1.052018
1.050362
1.048018
1.045288
1.042496
1.039993
1.038147
1.037334
1.037928
1.040270
1.044651
1.051274
1.060230
1.071460
1.084728
1.099595
1.115414
1.131348
1.146439
1.159714
1.170308
1.177581
1.181184
1.181064
1.177423
1.170650
1.161243
1.149746
1.136704
1.122629
1.107986
1.093182
1.078566
1.064429
1.051003
1.038463
1.026924
1.016445
1.007018
0.9985724
0.990969
0.9840017
0.9774005
0.9708377
0.9639413
0.9563138
0.94756
0.9373223
0.9253228
0.9114052
0.895566
0.8779652
0.8589085
0.838809
0.818137
0.7973747
0.7769837
0.7573887
0.7389713
0.7220722
0.7069933
0.6939996
0.683317
0.6751269
0.669558
0.6666773
0.666483
0.6689005
0.6737848
0.6809293
0.6900801
0.7009545
0.7132612
0.7267207
0.7410826
0.7561412
0.7717463
0.7878112
0.8043155
0.821302
0.8388664
0.8571372
0.876243
0.8962709
0.9172203
0.938966
0.9612448
0.983676
1.005811
1.027197
1.047437
1.066231
1.083389
1.098834
1.112584
1.124741
1.135466
1.144964
1.153471
1.161230
1.168491
1.175487
1.182432
1.189506
1.196850
1.204562
1.212691
1.221236
1.230152
1.239347
1.248687
1.258003
1.267088
1.275698
1.283548
1.290306
1.295581
1.298925
1.299842
1.297833
1.292452
1.283395
1.270562
1.254089
1.234317
1.211733
1.186893
1.160357
1.132642
1.104195
1.075389
1.046517
1.017804
0.9894084
0.9614384
0.9339562
0.9069893
0.8805391
0.8545896
0.8291152
0.804088
0.7794836
0.7552857
0.7314883
0.7080979
0.6851326
0.6626218
0.6406048
0.6191296
0.5982526
0.5780391
0.5585653
0.5399212
0.522215
0.5055782
0.490172
0.476193
0.4638803
0.4535219
0.4454595
0.4400901
0.4378593
0.4392425
0.4447093
0.4546684
0.4693984
0.4889755
0.5132162
0.5416575
0.5735833
0.6080939
0.6441997
0.6809166
0.7173422
0.7527043
0.7863825
0.8179089
0.846955
0.8733123
0.8968708
0.917599
0.9355255
0.9507243
0.963303
0.9733932
0.9811443
0.9867186
0.990289
0.9920379
0.9921567
0.990848
0.988328
0.9848292
0.9806042
0.9759301
0.971112
0.9664851
0.962415
0.9592921
0.9575208
0.9575015
0.9596056
0.9641455
0.971343
0.9812966
0.9939496
1.009062
1.026185
1.044662
1.063652
1.082206
1.099386
1.114387
1.126641
1.135863
1.142041
1.145380
1.146234
1.145042
1.142272
1.138390
1.133831
1.128988
1.124205
1.119775
1.115934
1.112860
1.110674
1.109435
1.109143
1.109733
1.111083
1.113009
1.115275
1.117590
1.119615
1.120960
1.121190
1.119836
1.116412
1.110463
1.101625
1.089698
1.074703
1.056902
1.036760
1.014866
0.9918563
0.9683365
0.9448444
0.9218296
0.8996516
0.8785851
0.8588284
0.8405105
0.8236979
0.8083997
0.7945732
0.7821294
0.77094
0.7608458
0.7516666
0.7432121
0.7352933
0.7277346
0.7203843
0.7131245
0.7058785
0.6986175
0.6913641
0.6841962
0.6772502
0.670725
0.6648869
0.6600735
0.6566953
0.6552294
0.6561984
0.6601298
0.6674937
0.678624
0.6936419
0.7124048
0.7345026
0.759308
0.7860651
0.8139909
0.84236
0.8705604
0.8981165
0.9246878
0.9500517
0.9740806
0.9967176
1.017954
1.037814
1.056337
1.073570
1.089561
1.104354
1.117988
1.130499
1.141918
1.152276
1.161610
1.169962
1.177391
1.18397
1.189801
1.195013
1.199769
1.204270
1.208750
1.213467
1.218685
1.224640
1.231502
1.239322
1.247978
1.257143
1.266267
1.274606
1.281299
1.285489
1.286440
1.283646
1.276869
1.266132
1.251673
1.233871
1.213186
1.190105
1.165105
1.138633
1.111092
1.082837
1.054178
1.025379
0.9966634
0.9682175
0.9401942
0.9127157
0.8858757
0.8597414
0.8343536
0.8097274
0.7858524
0.7626934
0.7401928
0.718276
0.696859
0.6758606
0.6552163
0.634891
0.6148893
0.5952604
0.5760958
0.5575232
0.5396979
0.5227967
0.5070148
0.4925678
0.4796971
0.4686779
0.4598278
0.4535132
0.4501502
0.4501961
0.4541243
0.4623798
0.4753143
0.4931068
0.515689
0.5426981
0.5734802
0.6071503
0.6426935
0.6790792
0.7153579
0.750725
0.7845466
0.8163575
0.8458405
0.8727989
0.8971278
0.9187896
0.9377952
0.9541898
0.9680451
0.9794547
0.9885311
0.9954052
1.000225
1.003154
1.004372
1.004073
1.002468
0.9997828
0.996263
0.9921766
0.9878171
0.9835066
0.9795972
0.9764686
0.9745204
0.9741572
0.9757653
0.9796827
0.986164
0.9953442
1.007203
1.021532
1.037915
1.055715
1.074109
1.092152
1.108888
1.123477
1.135299
1.144009
1.149535
1.152041
1.151852
1.149396
1.145149
1.139587
1.133169
1.126313
1.119389
1.112718
1.106563
1.101133
1.096577
1.092986
1.090390
1.088754
1.087982
1.087913
1.088325
1.088935
1.089405
1.089341
1.088306
1.085825
1.081422
1.074655
1.065178
1.052808
1.037578
1.019743
0.999749
0.9781614
0.955588
0.9326145
0.9097654
0.8874872
0.8661454
0.846029
0.8273574
0.8102854
0.7949078
0.7812623
0.7693323
0.7590504
0.750303
0.7429374
0.7367706
0.7315999
0.7272152
0.7234116
0.7200021
0.7168294
0.7137772
0.7107795
0.707828
0.7049792
0.7023597
0.700171
0.6986938
0.6982881
0.6993878
0.7024826
0.7080809
0.7166507
0.7285422
0.7439076
0.7626428
0.7843759
0.8085118
0.8343203
0.8610396
0.8879666
0.9145157
0.9402434
0.9648477
0.9881497
1.010069
1.030597
1.049776
1.067677
1.084384
1.099989
1.114576
1.128221
1.140992
1.152943
1.164119
1.174561
1.184301
1.193376
1.201824
1.209697
1.217058
1.223992
1.230611
1.237048
1.243463
1.250026
1.256894
1.26418
1.271901
1.279926
1.287931
1.29538
1.301555
1.305643
1.306859
1.304580
1.298432
1.288316
1.274383
1.256962
1.236489
1.213445
1.188308
1.161526
1.133503
1.104596
1.075112
1.045313
1.015421
0.9856227
0.956074
0.9269036
0.8982158
0.870094
0.8426019
0.8157847
0.7896707
0.7642713
0.7395822
0.7155848
0.6922489
0.6695373
0.6474129
0.625847
0.6048286
0.5843725
0.5645244
0.5453611
0.5269889
0.5095393
0.4931665
0.4780476
0.4643864
0.4524195
0.4424254
0.4347329
0.4297268
0.4278475
0.4295786
0.4354161
0.4458154
0.4611147
0.4814455
0.5066522
0.5362499
0.5694436
0.6052101
0.6424222
0.679976
0.7168918
0.7523709
0.7858127
0.8168022
0.8450815
0.8705165
0.8930657
0.9127531
0.9296484
0.9438518
0.955485
0.9646856
0.9716034
0.9763998
0.9792465
0.9803256
0.9798297
0.9779629
0.9749423
0.9710006
0.9663893
0.961383
0.9562835
